Jaiden Guerra, 48, 3, 68, 76, 72, 65, 82, 84, 85, 60, 84, 30, 59,
Martin Heidegger, 80, 2, 72, 74, 83, 71, 91, 68, 67, 69, 84, 50, 66,
Cairo Sexton, 61, 1, 75, 83, 92, 53, 71, 64, 71, 71, 85, 93, 59,
Kylen Charles, 10, 3, 66, 84, 78, 70, 74, 73, 60, 73, 77, 30, 55,
Daphne Truong, 43, 4, 74, 94, 85, 82, 55, 79, 74, 68, 90, 48, 70,
Holland Jaramillo, 93, 4, 78, 83, 84, 80, 55, 66, 89, 79, 94, 49, 89,
Manuel Lamb, 39, 1, 69, 83, 81, 54, 56, 69, 57, 63, 83, 91, 54,
Seth Dudley, 30, 3, 70, 71, 79, 76, 79, 71, 83, 64, 93, 34, 59,
Mohamed Herring, 56, 3, 76, 94, 81, 77, 77, 70, 72, 83, 89, 39, 76,
Christopher Lim, 63, 1, 70, 85, 88, 56, 76, 64, 62, 58, 92, 64, 50,
Myra Spencer, 39, 4, 76, 95, 86, 92, 57, 61, 80, 65, 82, 49, 83,
Oakley Franklin, 65, 2, 72, 76, 76, 67, 76, 68, 71, 79, 92, 51, 63,
Lea Rosales, 80, 2, 71, 83, 94, 65, 66, 69, 75, 80, 75, 48, 57,
Addilynn Allison, 76, 4, 76, 70, 91, 83, 59, 76, 82, 75, 85, 46, 93,
Paityn Lucero, 34, 2, 68, 71, 93, 55, 91, 57, 57, 62, 80, 42, 68,
Zechariah Beltran, 4, 1, 65, 83, 80, 46, 63, 54, 66, 55, 80, 56, 59,
Brandon Shelton, 67, 1, 72, 94, 79, 53, 65, 61, 63, 73, 95, 81, 50,
Samara Holmes, 5, 4, 75, 74, 85, 82, 57, 73, 82, 77, 92, 50, 82,
Nathaniel Mitchell, 53, 3, 74, 93, 85, 70, 80, 67, 92, 70, 85, 34, 59,
Kira Good, 6, 4, 73, 78, 90, 91, 59, 82, 73, 68, 84, 50, 70,
Nicolas Smith, 45, 3, 74, 78, 93, 77, 66, 91, 91, 69, 90, 44, 64,
Freya Dunlap, 46, 4, 71, 72, 71, 75, 60, 60, 85, 72, 84, 46, 80,
Tinsley Adkins, 71, 2, 73, 92, 93, 73, 84, 65, 64, 64, 76, 53, 61,
Kody Miranda, 44, 3, 70, 71, 93, 61, 63, 89, 77, 77, 78, 38, 79,
Abby Carson, 36, 2, 68, 75, 79, 60, 78, 57, 56, 72, 87, 41, 70,
Armani Marsh, 56, 2, 72, 92, 70, 72, 89, 58, 71, 63, 91, 40, 65,
Layton Middleton, 80, 3, 73, 70, 71, 78, 72, 81, 79, 72, 95, 55, 70,
Stephanie Burnett, 36, 4, 78, 95, 90, 91, 58, 73, 88, 72, 77, 46, 88,
Juliana Joseph, 11, 2, 67, 78, 80, 62, 73, 62, 63, 62, 89, 46, 57,
Saint Thomas Aquinas, 7, 1, 65, 77, 71, 51, 55, 75, 71, 59, 92, 57, 53,
Coen McCarty, 84, 1, 67, 81, 75, 45, 60, 52, 72, 55, 86, 80, 51,
Jorge Nava, 36, 3, 71, 80, 85, 67, 65, 68, 88, 75, 90, 37, 58,
Aubrey Bush, 28, 2, 68, 72, 75, 60, 78, 61, 65, 82, 76, 51, 55,
Muhammad Garner, 91, 3, 70, 81, 79, 63, 73, 89, 86, 69, 76, 44, 60,
Ava Kelley, 100, 2, 66, 71, 83, 62, 66, 56, 56, 66, 79, 51, 68,
Felipe Knapp, 66, 3, 71, 80, 71, 84, 79, 93, 79, 66, 81, 34, 66,
Kathryn Fitzpatrick, 4, 2, 71, 80, 79, 64, 90, 67, 75, 61, 79, 41, 70,
Laura Gonzalez, 87, 4, 73, 71, 77, 82, 56, 79, 89, 71, 79, 49, 85,
Emiliano Li, 70, 1, 68, 71, 93, 58, 57, 62, 71, 68, 93, 58, 45,
Kase Truong, 89, 1, 67, 76, 78, 51, 67, 62, 65, 64, 84, 71, 49,
Casey Nolan, 79, 3, 71, 73, 88, 69, 60, 62, 68, 71, 88, 53, 75,
Ramanuja, 83, 3, 75, 73, 95, 76, 77, 95, 92, 71, 93, 39, 59,
Malik Krueger, 55, 3, 77, 81, 92, 61, 76, 78, 93, 83, 85, 55, 74,
Bode Levy, 35, 3, 73, 77, 80, 85, 73, 80, 79, 78, 95, 34, 59,
Rio Valentine, 63, 1, 65, 78, 88, 55, 54, 54, 65, 60, 78, 57, 57,
Rylee Franco, 2, 1, 74, 71, 95, 60, 84, 60, 75, 84, 80, 51, 66,
Lyric Fleming, 30, 1, 69, 86, 91, 50, 55, 71, 74, 57, 85, 80, 51,
Finley Holloway, 22, 2, 69, 70, 79, 63, 87, 70, 57, 83, 79, 53, 57,
Colten Knight, 41, 1, 69, 90, 81, 59, 72, 74, 63, 73, 75, 61, 55,
Dalary Hampton, 42, 2, 67, 73, 89, 57, 70, 60, 64, 65, 80, 55, 57,
Melissa Hernandez, 45, 4, 74, 88, 90, 76, 56, 77, 75, 70, 80, 50, 85,
Sky Bauer, 35, 4, 76, 91, 90, 83, 57, 81, 81, 70, 75, 50, 88,
Renata Fry, 30, 4, 71, 87, 76, 78, 58, 79, 73, 67, 87, 49, 70,
Esmeralda Sellers, 14, 4, 79, 94, 88, 77, 57, 82, 87, 79, 91, 48, 94,
Landry Paul, 66, 3, 80, 94, 92, 74, 83, 65, 91, 80, 91, 54, 61,
Marie Singleton, 21, 2, 70, 75, 89, 57, 70, 57, 68, 84, 78, 49, 66,
Danielle Huff, 11, 4, 77, 85, 85, 81, 59, 69, 82, 84, 79, 48, 90,
Zhu Xi, 18, 1, 70, 87, 84, 46, 63, 51, 63, 59, 94, 74, 60,
Graysen Burke, 78, 3, 78, 77, 94, 72, 85, 78, 82, 77, 93, 50, 76,
Alanna Dorsey, 81, 4, 72, 77, 75, 87, 58, 75, 72, 81, 77, 46, 76,
Mencius, 58, 2, 71, 87, 92, 72, 73, 68, 58, 67, 77, 48, 68,
Sariah Dennis, 98, 4, 73, 92, 74, 86, 57, 66, 70, 76, 85, 45, 78,
Damian Fuller, 20, 3, 70, 95, 71, 60, 60, 63, 63, 71, 91, 55, 66,
Azalea Flowers, 23, 2, 72, 82, 73, 72, 75, 68, 67, 81, 87, 50, 66,
Raphael Scott, 50, 1, 67, 88, 73, 48, 70, 62, 63, 58, 94, 59, 57,
Daisy Rowland, 100, 4, 75, 86, 90, 88, 58, 70, 74, 70, 78, 46, 89,
George Berkeley, 98, 1, 68, 88, 84, 58, 62, 56, 71, 60, 78, 66, 48,
Sylvia Gray, 62, 4, 75, 80, 75, 82, 58, 75, 86, 68, 89, 50, 90,
Philip Little, 89, 3, 72, 77, 95, 68, 74, 73, 63, 70, 88, 33, 80,
Lennox Owens, 46, 2, 70, 78, 86, 73, 75, 66, 68, 64, 80, 41, 65,
Philip Kerr, 79, 1, 71, 94, 84, 56, 73, 69, 67, 63, 84, 68, 50,
Simon Huynh, 38, 3, 74, 77, 92, 62, 85, 86, 90, 65, 84, 50, 67,
Thomas Price, 66, 1, 71, 76, 87, 56, 77, 75, 63, 67, 92, 76, 53,
Damir Hines, 60, 3, 74, 85, 90, 63, 78, 77, 89, 71, 79, 44, 67,
Rosie Stein, 5, 2, 73, 86, 77, 63, 91, 65, 62, 73, 86, 54, 65,
John Duns Scotus, 54, 2, 73, 92, 77, 75, 86, 70, 72, 65, 83, 52, 63,
Marcelo Hickman, 73, 1, 67, 86, 75, 55, 65, 67, 67, 66, 83, 61, 48,
Malik Elliott, 51, 1, 70, 94, 84, 55, 58, 67, 64, 61, 79, 92, 47,
Skyler Hull, 96, 3, 74, 89, 79, 82, 65, 89, 81, 70, 79, 54, 69,
Samir Hurley, 85, 1, 68, 80, 80, 57, 52, 61, 56, 73, 94, 69, 51,
Malani Ellison, 51, 2, 70, 83, 80, 58, 69, 70, 75, 81, 75, 46, 64,
Renata Waller, 52, 2, 70, 83, 84, 55, 78, 69, 68, 81, 75, 44, 68,
Priscilla Brandt, 22, 2, 71, 76, 93, 62, 85, 69, 63, 68, 81, 55, 56,
Ariah Bean, 64, 2, 72, 85, 93, 60, 79, 66, 67, 74, 80, 47, 67,
Abdiel Shannon, 34, 1, 69, 93, 79, 50, 60, 54, 72, 65, 82, 72, 49,
Adrian Ortiz, 3, 1, 71, 88, 91, 58, 77, 65, 59, 57, 95, 71, 49,
Marvin Mack, 45, 3, 71, 95, 87, 65, 66, 88, 71, 76, 78, 40, 68,
Krew Warren, 6, 1, 64, 75, 72, 47, 70, 74, 57, 62, 90, 55, 49,
Giambattista Vico, 35, 4, 75, 73, 84, 84, 57, 68, 83, 80, 91, 46, 78,
Evelynn Sharp, 15, 2, 67, 89, 76, 59, 68, 60, 58, 62, 81, 47, 67,
Madeleine Knox, 14, 4, 77, 90, 82, 81, 55, 77, 83, 82, 94, 48, 79,
Bria Shaffer, 47, 4, 76, 84, 80, 88, 60, 82, 86, 80, 83, 47, 78,
Peter Singer, 19, 3, 74, 71, 85, 81, 80, 91, 82, 82, 81, 39, 69,
Juan Park, 65, 3, 74, 92, 90, 73, 85, 80, 78, 63, 75, 47, 68,
Javier Tapia, 91, 3, 71, 75, 86, 83, 71, 81, 64, 77, 80, 33, 77,
Brielle Webb, 30, 2, 72, 83, 94, 70, 76, 68, 73, 66, 78, 43, 65,
Kiana Mendez, 14, 4, 75, 77, 81, 76, 60, 69, 82, 69, 90, 50, 90,
Marley Keith, 58, 3, 75, 82, 94, 77, 84, 85, 81, 65, 94, 43, 61,
Moses Mendelssohn, 79, 2, 71, 85, 82, 55, 69, 69, 71, 68, 89, 54, 69,
Bo Choi, 61, 3, 73, 93, 70, 69, 83, 89, 69, 85, 94, 30, 68,
Guillermo Rogers, 1, 3, 72, 77, 78, 79, 69, 81, 85, 84, 79, 44, 57,
Martin Buber, 52, 4, 73, 92, 79, 79, 56, 82, 79, 72, 75, 45, 83,
Sariyah Farmer, 38, 4, 78, 94, 91, 78, 58, 81, 84, 84, 93, 48, 73,
Kyle Moore, 49, 1, 66, 77, 77, 53, 66, 52, 72, 67, 75, 66, 49,
Armani Hensley, 40, 3, 76, 92, 89, 62, 77, 82, 91, 72, 83, 50, 69,
Haylee Hebert, 52, 2, 72, 80, 92, 65, 71, 66, 73, 75, 86, 40, 70,
Deandre Terrell, 60, 1, 70, 74, 79, 56, 73, 65, 55, 67, 95, 86, 45,
Jamison Savage, 29, 1, 70, 82, 86, 49, 73, 69, 65, 64, 76, 87, 56,
Camilla Manning, 59, 2, 69, 81, 73, 71, 70, 59, 57, 72, 91, 43, 67,
Blaise Walters, 91, 3, 72, 84, 79, 73, 66, 93, 87, 62, 84, 40, 75,
Malaysia Soto, 38, 4, 74, 72, 80, 90, 59, 77, 83, 65, 90, 50, 77,
Piper Dougherty, 33, 2, 68, 77, 74, 57, 70, 66, 71, 64, 93, 48, 58,
Amias Goodwin, 32, 1, 69, 92, 91, 53, 50, 66, 62, 66, 95, 62, 58,
Idris Serrano, 95, 3, 78, 90, 90, 79, 84, 93, 78, 76, 88, 46, 74,
Hannah Kirby, 34, 4, 75, 79, 92, 75, 58, 61, 90, 72, 87, 48, 78,
Cruz Huerta, 90, 3, 72, 70, 72, 82, 83, 94, 74, 84, 75, 51, 60,
Theodor Wiesengrund Adorno, 3, 1, 67, 71, 78, 45, 71, 62, 71, 73, 80, 74, 48,
Al-Farabi, 12, 1, 69, 92, 75, 56, 54, 73, 75, 55, 88, 68, 58,
Cedric McLaughlin, 71, 3, 70, 80, 87, 63, 61, 71, 69, 66, 79, 52, 79,
Ibn Gabirol, 41, 4, 75, 94, 91, 77, 56, 81, 79, 65, 84, 45, 89,
Laylani Benton, 28, 2, 71, 90, 70, 73, 90, 69, 59, 67, 79, 52, 62,
Lorelei Washington, 21, 2, 72, 92, 89, 64, 89, 70, 55, 63, 80, 50, 67,
Jordan Scott, 86, 2, 74, 94, 75, 68, 75, 67, 65, 82, 95, 46, 67,
Karla Hendrix, 91, 4, 72, 78, 85, 80, 56, 81, 79, 76, 76, 48, 76,
Meadow Espinoza, 59, 4, 76, 72, 92, 82, 56, 67, 84, 82, 84, 50, 87,
Duke Avila, 12, 1, 74, 87, 84, 54, 80, 77, 70, 58, 87, 91, 57,
Emanuel Frederick, 88, 3, 75, 93, 80, 81, 69, 91, 74, 80, 86, 52, 64,
Joelle Suarez, 10, 4, 72, 78, 70, 84, 55, 64, 73, 70, 84, 46, 93,
Karter Brown, 90, 4, 71, 76, 74, 76, 59, 75, 77, 82, 77, 49, 71,
Harlee Ramsey, 9, 2, 69, 72, 93, 72, 66, 56, 68, 62, 92, 45, 56,
Christian Hogan, 17, 1, 65, 81, 83, 47, 61, 75, 66, 56, 87, 56, 50,
Melina Perkins, 12, 4, 75, 87, 83, 92, 57, 71, 80, 72, 86, 48, 73,
Colter House, 26, 3, 72, 86, 81, 77, 68, 87, 78, 85, 82, 32, 67,
Brodie Cardenas, 57, 1, 73, 93, 84, 59, 73, 53, 73, 73, 79, 78, 50,
Rosie Simmons, 92, 4, 75, 92, 90, 75, 57, 80, 72, 84, 77, 48, 85,
Shinran, 32, 4, 75, 74, 87, 78, 60, 79, 83, 84, 95, 47, 71,
Landyn Watts, 93, 3, 74, 70, 94, 83, 81, 94, 73, 64, 88, 46, 72,
Herbert Spencer, 1, 3, 71, 94, 77, 82, 64, 63, 70, 68, 83, 43, 59,
Makenzie Lim, 5, 2, 73, 83, 90, 72, 92, 61, 64, 63, 89, 42, 68,
Aarya Cardenas, 32, 2, 69, 77, 72, 64, 78, 64, 61, 77, 93, 49, 58,
Matilda Khan, 94, 4, 72, 70, 86, 90, 56, 74, 78, 66, 78, 45, 84,
Leon Santiago, 32, 3, 72, 76, 78, 75, 71, 76, 86, 78, 86, 37, 64,
Wang Yangming, 25, 1, 71, 80, 90, 57, 60, 69, 62, 70, 94, 73, 60,
Saint Augustine, 3, 4, 77, 82, 93, 86, 60, 60, 88, 65, 94, 48, 81,
Jacqueline Goodman, 67, 4, 72, 92, 76, 76, 57, 65, 76, 67, 91, 47, 73,
Nala Gentry, 26, 4, 73, 72, 82, 75, 56, 78, 75, 79, 80, 47, 93,
Maxine Moss, 38, 4, 78, 85, 91, 94, 60, 75, 86, 67, 93, 46, 83,
Plato, 43, 4, 77, 81, 85, 77, 56, 75, 87, 80, 91, 48, 89,
Rogelio Salazar, 82, 3, 71, 92, 74, 78, 72, 95, 74, 79, 81, 32, 60,
Gwendolyn Acevedo, 17, 4, 74, 88, 74, 81, 59, 75, 77, 79, 84, 45, 83,
Ezra Hill, 59, 3, 74, 94, 79, 69, 82, 79, 66, 79, 78, 51, 71,
Emmeline Pena, 79, 4, 72, 73, 85, 89, 58, 68, 72, 66, 83, 49, 80,
Timothy Barron, 63, 1, 71, 85, 73, 45, 59, 66, 74, 74, 93, 83, 56,
Maya Roberson, 57, 4, 75, 89, 90, 77, 56, 81, 83, 76, 89, 49, 71,
Heracleitus, 44, 3, 76, 89, 71, 83, 77, 82, 90, 75, 91, 46, 64,
Shiloh Maynard, 71, 2, 68, 70, 95, 71, 67, 70, 55, 72, 75, 49, 65,
Alan Pugh, 7, 1, 70, 93, 81, 53, 66, 77, 57, 71, 93, 64, 58,
Solomon Shannon, 45, 3, 74, 73, 73, 81, 78, 91, 88, 73, 78, 53, 74,
Julie Craig, 13, 4, 76, 88, 80, 91, 58, 81, 71, 85, 86, 47, 78,
Mina Rojas, 23, 4, 76, 71, 87, 93, 59, 76, 78, 74, 92, 47, 87,
Joanna Ryan, 97, 2, 72, 92, 78, 63, 77, 58, 75, 76, 85, 40, 70,
Anicius Manlius Severinus Boethius, 26, 2, 73, 95, 94, 65, 83, 68, 56, 74, 87, 42, 64,
Troy Lindsey, 76, 3, 72, 71, 86, 76, 64, 79, 67, 72, 88, 44, 80,
Brooks Meza, 63, 3, 70, 75, 74, 81, 60, 66, 77, 70, 81, 51, 68,
Zara Olsen, 84, 2, 72, 88, 82, 66, 92, 58, 69, 63, 92, 44, 59,
Sutton Clark, 92, 1, 71, 81, 93, 58, 63, 70, 58, 66, 92, 75, 57,
Giovanni McKay, 34, 1, 67, 78, 89, 59, 73, 71, 55, 63, 82, 58, 47,
Dennis Dawson, 38, 1, 67, 87, 77, 58, 54, 57, 71, 65, 83, 60, 50,
Elise Hickman, 71, 2, 72, 88, 75, 69, 88, 68, 70, 72, 81, 40, 69,
Ronan Gibson, 75, 3, 73, 94, 72, 73, 69, 90, 87, 63, 77, 54, 68,
Giavanna Sawyer, 51, 4, 71, 72, 72, 85, 60, 78, 80, 69, 77, 50, 76,
Malani Patrick, 24, 4, 74, 76, 94, 77, 57, 61, 72, 67, 91, 49, 90,
Jenna Rubio, 12, 4, 76, 74, 93, 76, 57, 60, 84, 77, 92, 49, 88,
Soren Parker, 39, 1, 71, 89, 88, 47, 69, 73, 71, 58, 89, 78, 51,
Alanna Henry, 54, 4, 77, 79, 85, 92, 55, 85, 83, 84, 92, 49, 80,
Fernando Garner, 4, 1, 67, 87, 71, 57, 57, 52, 73, 58, 75, 83, 48,
Davina Wheeler, 29, 4, 73, 70, 76, 86, 59, 80, 84, 81, 75, 50, 83,
Jamal Beil, 37, 3, 75, 84, 75, 76, 71, 91, 87, 83, 89, 49, 68,
Juan Clay, 24, 3, 73, 83, 92, 77, 69, 65, 72, 67, 81, 46, 75,
Zahir Norman, 56, 3, 71, 94, 78, 71, 78, 64, 92, 63, 77, 32, 61,
Kylo Santos, 47, 3, 75, 83, 89, 82, 71, 73, 75, 71, 79, 54, 78,
Ledger Maynard, 100, 3, 75, 95, 95, 62, 78, 76, 91, 64, 89, 50, 56,
Noah May, 68, 4, 75, 84, 70, 92, 58, 62, 78, 71, 94, 47, 88,
Nyla Marin, 29, 4, 75, 91, 80, 88, 55, 60, 72, 75, 86, 48, 82,
Seth Palacios, 55, 3, 71, 95, 70, 62, 85, 87, 65, 76, 82, 38, 67,
Zoe Bryant, 17, 4, 78, 89, 93, 92, 58, 80, 76, 83, 89, 49, 80,
Landyn Ahmed, 58, 3, 67, 73, 85, 66, 75, 84, 73, 62, 76, 35, 62,
Bo Brennan, 45, 1, 68, 72, 91, 50, 78, 56, 63, 74, 78, 58, 53,
Valerie Harris, 60, 2, 74, 93, 92, 68, 74, 67, 68, 80, 90, 49, 56,
Joey Gray, 58, 3, 71, 85, 89, 60, 69, 82, 61, 72, 94, 40, 77,
Soren Kierkegaard, 40, 1, 73, 77, 94, 58, 77, 68, 55, 74, 80, 92, 58,
Sofia Sharp, 16, 4, 72, 76, 77, 79, 58, 61, 71, 66, 89, 45, 95,
Johan Maldonado, 51, 1, 72, 89, 92, 49, 62, 78, 62, 64, 94, 81, 57,
Amina Mason, 30, 2, 74, 76, 77, 66, 94, 59, 72, 81, 78, 54, 69,
Parmenides, 94, 4, 75, 74, 88, 93, 60, 73, 84, 66, 77, 46, 89,
Shepherd Andrews, 35, 1, 66, 72, 93, 48, 71, 74, 63, 72, 79, 55, 47,
Annalise Donaldson, 95, 2, 71, 83, 81, 66, 66, 58, 74, 62, 91, 53, 68,
Fisher Macias, 79, 1, 72, 85, 87, 59, 53, 65, 69, 71, 85, 86, 57,
Adi Shankara, 20, 3, 70, 81, 76, 81, 76, 64, 68, 65, 83, 46, 61,
Jakobe Miranda, 100, 1, 66, 76, 82, 49, 72, 73, 58, 75, 78, 57, 54,
Jeremias Brewer, 21, 3, 79, 92, 93, 78, 82, 69, 93, 82, 84, 49, 60,
Hugh Butler, 11, 3, 72, 90, 72, 77, 75, 68, 67, 83, 75, 39, 73,
Aileen Marsh, 15, 2, 72, 88, 73, 61, 93, 70, 74, 78, 92, 41, 56,
Jordyn Parra, 36, 4, 74, 79, 70, 89, 56, 67, 81, 77, 87, 45, 83,
Friedrich Nietzsche, 54, 2, 71, 72, 85, 68, 75, 57, 63, 73, 93, 45, 70,
Clyde Lambert, 47, 1, 70, 87, 90, 59, 56, 68, 61, 71, 93, 62, 54,
Isaiah Everett, 3, 2, 72, 92, 93, 67, 64, 71, 72, 68, 91, 42, 59,
Jemma Heath, 21, 2, 73, 85, 82, 70, 95, 70, 66, 60, 90, 45, 69,
Bailee Page, 85, 4, 76, 88, 76, 80, 59, 76, 78, 83, 80, 48, 94,
Maren Atkins, 73, 4, 74, 85, 72, 76, 56, 64, 76, 78, 90, 49, 85,
Seth Rivers, 42, 3, 72, 79, 76, 60, 84, 68, 94, 66, 83, 44, 69,
Skye Coffey, 5, 2, 68, 70, 71, 69, 71, 66, 62, 74, 77, 53, 70,
Brielle Stewart, 46, 2, 74, 92, 88, 71, 70, 68, 59, 85, 88, 47, 68,
Nagarjuna, 98, 1, 73, 93, 76, 57, 79, 62, 72, 68, 77, 90, 47,
Alden Byrd, 82, 3, 73, 73, 89, 60, 79, 60, 86, 67, 93, 36, 75,
Landry Avila, 3, 1, 68, 88, 83, 50, 71, 51, 74, 59, 95, 55, 45,
Case Odom, 10, 1, 69, 79, 70, 57, 57, 74, 73, 74, 78, 80, 55,
Ricardo Rosario, 9, 1, 67, 70, 89, 48, 58, 65, 73, 68, 87, 67, 47,
Derek Clay, 60, 1, 70, 77, 93, 60, 62, 66, 57, 55, 91, 84, 58,
Amiyah Vasquez, 22, 2, 72, 92, 76, 58, 89, 67, 75, 62, 90, 50, 62,
Creed Stewart, 82, 3, 74, 79, 85, 71, 68, 72, 82, 77, 89, 48, 73,
Jessie Powell, 27, 4, 76, 92, 94, 81, 59, 85, 79, 74, 79, 50, 77,
Braylen Wise, 35, 3, 72, 80, 85, 82, 69, 93, 82, 83, 75, 33, 64,
Sarah Nash, 21, 4, 74, 86, 76, 86, 56, 65, 78, 78, 76, 47, 83,
Eden Bond, 62, 3, 76, 88, 70, 79, 85, 90, 81, 70, 95, 40, 76,
Genesis Cisneros, 59, 2, 74, 88, 84, 75, 91, 67, 62, 69, 91, 52, 57,
Oakleigh Clements, 48, 4, 75, 86, 84, 79, 58, 68, 88, 73, 77, 46, 89,
Jaden Ramirez, 62, 3, 71, 74, 77, 76, 82, 66, 74, 65, 83, 35, 79,
Genevieve Woodward, 3, 2, 73, 82, 72, 71, 94, 55, 74, 71, 95, 41, 64,
Kaylee Hester, 32, 4, 69, 72, 72, 82, 59, 79, 70, 73, 76, 50, 74,
Ryleigh Carrillo, 88, 4, 76, 77, 82, 77, 57, 79, 83, 77, 95, 47, 94,
Emilio Terry, 63, 3, 73, 74, 95, 82, 70, 90, 88, 69, 85, 37, 63,
Gage Rose, 64, 3, 78, 90, 75, 84, 83, 93, 95, 62, 92, 50, 72,
Anya Cline, 6, 2, 71, 93, 71, 56, 81, 64, 61, 80, 81, 55, 67,
Jasper Good, 19, 1, 70, 91, 78, 48, 59, 70, 60, 72, 94, 82, 54,
Porter Wilcox, 99, 1, 70, 83, 84, 49, 76, 50, 57, 58, 94, 84, 53,
Quinn Lawson, 95, 2, 71, 79, 74, 69, 69, 59, 70, 84, 89, 44, 68,
Brielle Hudson, 44, 4, 76, 89, 92, 84, 55, 76, 84, 65, 90, 48, 78,
Kole Snyder, 11, 1, 70, 95, 75, 54, 74, 77, 71, 64, 92, 59, 48,
Reese Campbell, 73, 3, 70, 82, 87, 68, 71, 68, 66, 66, 94, 40, 60,
Anna Mann, 4, 4, 76, 85, 80, 92, 57, 85, 89, 65, 78, 45, 94,
Ryan Bridges, 16, 3, 77, 91, 85, 82, 79, 93, 82, 83, 78, 54, 66,
Wilder McGuire, 30, 3, 71, 75, 74, 64, 71, 63, 76, 71, 88, 45, 79,
Giselle Goodman, 100, 2, 69, 94, 79, 57, 76, 62, 63, 65, 75, 50, 64,
Emmitt Proctor, 21, 1, 65, 78, 94, 45, 50, 61, 55, 70, 93, 61, 46,
Kevin George, 47, 1, 71, 89, 84, 54, 60, 57, 72, 59, 86, 88, 48,
Lilah Rasmussen, 14, 2, 71, 75, 82, 58, 94, 60, 66, 72, 82, 49, 62,
Rosalyn Casey, 27, 2, 71, 91, 75, 65, 89, 70, 57, 62, 81, 54, 67,
Zander Woodard, 17, 3, 75, 90, 95, 69, 77, 84, 92, 64, 94, 40, 59,
Simone Romero, 49, 4, 74, 85, 77, 75, 59, 83, 81, 74, 82, 50, 84,
Marina Dyer, 11, 4, 74, 80, 73, 86, 59, 67, 85, 84, 81, 46, 77,
Ermias Walls, 15, 3, 76, 81, 87, 75, 81, 85, 92, 79, 87, 34, 71,
Jaxxon Green, 78, 3, 70, 72, 75, 66, 79, 84, 88, 82, 77, 31, 66,
Cecilia Wyatt, 5, 2, 74, 95, 92, 62, 73, 67, 75, 72, 90, 47, 65,
Cali Landry, 31, 4, 73, 84, 71, 81, 58, 69, 71, 69, 83, 50, 92,
Creed Hubbard, 50, 3, 73, 73, 91, 78, 79, 71, 65, 81, 83, 48, 61,
Asher Jacobs, 52, 1, 69, 80, 94, 48, 67, 75, 59, 62, 79, 81, 59,
Jaden Strong, 35, 1, 69, 93, 78, 50, 57, 50, 60, 66, 83, 85, 52,
Alvin Hicks, 42, 3, 69, 78, 76, 66, 73, 93, 89, 61, 87, 34, 58,
Cullen Walker, 76, 3, 75, 93, 86, 68, 70, 85, 94, 80, 78, 45, 61,
Ethan Gordon, 13, 1, 71, 90, 85, 46, 69, 54, 63, 62, 80, 91, 58,
Benedetto Croce, 31, 4, 76, 83, 94, 95, 57, 76, 78, 68, 91, 45, 76,
Mccoy Fleming, 69, 3, 78, 93, 89, 84, 74, 78, 70, 77, 91, 51, 75,
Kayson Whitaker, 54, 1, 71, 86, 94, 60, 74, 54, 63, 58, 85, 75, 52,
Reign Cantrell, 5, 4, 75, 85, 92, 75, 56, 76, 85, 84, 89, 46, 70,
Kenzo Morales, 60, 1, 71, 81, 89, 59, 71, 77, 63, 60, 90, 84, 48,
Harlee Villegas, 21, 4, 74, 85, 71, 75, 58, 73, 86, 76, 85, 46, 86,
Capri Galindo, 89, 4, 73, 78, 81, 90, 60, 82, 73, 73, 84, 45, 77,
Joey Clarke, 47, 3, 71, 95, 84, 85, 69, 90, 64, 60, 90, 32, 61,
Jonah Kramer, 90, 1, 75, 86, 95, 53, 61, 69, 74, 74, 90, 90, 55,
Socrates, 100, 2, 74, 93, 83, 74, 87, 57, 65, 84, 86, 40, 57,
Rory Barnes, 73, 2, 72, 91, 76, 70, 81, 56, 55, 79, 89, 50, 57,
Tony McCoy, 21, 1, 70, 94, 81, 47, 56, 65, 70, 62, 86, 82, 60,
Paxton Snyder, 63, 3, 73, 94, 89, 63, 65, 60, 82, 72, 78, 53, 66,
Martha Huerta, 26, 4, 74, 84, 94, 88, 58, 60, 71, 69, 83, 48, 71,
Westin Jenkins, 76, 1, 69, 83, 74, 49, 67, 71, 61, 71, 88, 75, 58,
Amaia Stark, 98, 2, 70, 70, 77, 58, 91, 66, 62, 72, 90, 51, 65,
Samuel Gardner, 60, 3, 73, 82, 95, 66, 82, 62, 78, 79, 77, 48, 55,
Emanuel Wolf, 80, 1, 70, 78, 84, 51, 63, 51, 68, 67, 78, 84, 57,
Milo Rios, 69, 3, 71, 74, 91, 76, 79, 64, 61, 61, 89, 31, 79,
Theo Chambers, 93, 1, 69, 73, 79, 57, 70, 69, 64, 56, 87, 93, 49,
Javier Townsend, 4, 3, 72, 72, 94, 80, 85, 95, 90, 62, 76, 33, 59,
Sam Miller, 62, 3, 68, 70, 76, 60, 74, 81, 89, 60, 79, 49, 63,
Treasure Sherman, 76, 2, 70, 75, 94, 60, 74, 61, 62, 81, 84, 45, 63,
Grace Tapia, 46, 4, 75, 71, 86, 76, 55, 61, 90, 85, 93, 50, 73,
Tiana Woodward, 18, 2, 69, 77, 76, 74, 71, 69, 66, 72, 85, 47, 58,
Mira Deleon, 15, 4, 74, 83, 70, 91, 57, 65, 88, 65, 95, 46, 79,
Colin Walters, 18, 1, 70, 86, 90, 51, 65, 70, 69, 58, 80, 78, 57,
Heidi Dean, 7, 2, 76, 95, 85, 69, 91, 65, 64, 83, 82, 54, 67,
Jeffery Weiss, 27, 1, 71, 92, 89, 47, 67, 78, 71, 62, 94, 72, 50,
Blair Duncan, 100, 2, 67, 70, 84, 64, 70, 65, 66, 64, 85, 45, 57,
Peter Caldwell, 19, 1, 71, 83, 75, 57, 80, 60, 61, 61, 91, 83, 56,
Aleah Willis, 11, 4, 79, 84, 88, 89, 59, 76, 88, 78, 93, 50, 89,
Blaze Duncan, 100, 1, 65, 81, 73, 48, 52, 58, 64, 55, 88, 82, 46,
Nolan Shaffer, 18, 3, 72, 94, 85, 67, 69, 92, 72, 75, 93, 32, 68,
Bailee Baker, 35, 2, 71, 87, 76, 64, 81, 59, 66, 62, 94, 55, 62,
Kristopher Farmer, 46, 3, 73, 82, 79, 62, 85, 87, 94, 60, 90, 32, 79,
Azariah Pitts, 79, 3, 69, 71, 79, 67, 65, 76, 67, 81, 86, 51, 61,
Nathalia Flores, 75, 2, 72, 74, 81, 74, 79, 70, 69, 70, 83, 53, 65,
Makayla Curtis, 33, 2, 76, 83, 93, 70, 94, 65, 71, 78, 90, 48, 65,
Kamilah Edwards, 35, 4, 78, 90, 92, 85, 58, 79, 86, 75, 84, 48, 92,
Soren Chen, 22, 1, 75, 93, 95, 54, 80, 80, 67, 73, 93, 69, 55,
Giana Bradshaw, 1, 4, 74, 72, 88, 88, 58, 65, 81, 67, 88, 45, 85,
Kamilah Singleton, 9, 2, 69, 84, 80, 68, 76, 69, 59, 70, 93, 40, 57,
Ayan O’Neal, 52, 1, 71, 78, 93, 60, 60, 60, 71, 67, 91, 68, 54,
London Duncan, 85, 2, 69, 85, 81, 55, 65, 63, 56, 72, 95, 55, 61,
King Williams, 99, 1, 71, 89, 77, 47, 78, 73, 65, 56, 87, 89, 55,
Timothy Singleton, 80, 3, 69, 74, 91, 61, 82, 88, 64, 74, 92, 30, 58,
Brody Townsend, 66, 3, 70, 76, 82, 73, 60, 75, 66, 71, 76, 48, 79,
Liv Moran, 4, 4, 74, 90, 84, 75, 57, 69, 80, 76, 84, 46, 81,
Lia Tyler, 74, 2, 71, 94, 81, 62, 79, 67, 55, 75, 94, 41, 66,
Lilly Thomas, 64, 4, 69, 82, 70, 75, 58, 73, 72, 69, 82, 47, 73,
Halo Conley, 91, 2, 70, 77, 71, 57, 94, 59, 73, 79, 75, 48, 63,
Harley Crawford, 62, 4, 77, 72, 89, 94, 55, 75, 82, 78, 83, 49, 94,
Avery McCarthy, 53, 3, 69, 75, 76, 79, 70, 72, 79, 63, 87, 32, 64,
Sofia Larsen, 98, 4, 69, 76, 77, 75, 59, 67, 71, 65, 78, 50, 71,
Leighton Winters, 88, 4, 73, 81, 78, 86, 58, 85, 75, 70, 81, 50, 78,
Kayson Sellers, 96, 3, 73, 82, 75, 81, 65, 92, 83, 74, 90, 32, 77,
Malaya Nixon, 37, 4, 76, 89, 71, 95, 60, 64, 79, 73, 79, 48, 95,
William of Ockham, 86, 3, 71, 72, 79, 80, 70, 94, 73, 75, 94, 33, 70,
Collin Bullock, 10, 3, 71, 83, 95, 84, 71, 95, 76, 61, 87, 33, 57,
Carmen Gordon, 87, 4, 76, 91, 83, 78, 60, 79, 82, 77, 80, 49, 84,
Landry Kaur, 88, 2, 71, 73, 74, 72, 85, 69, 58, 70, 85, 53, 70,
Raegan Friedman, 31, 2, 70, 91, 70, 60, 87, 56, 65, 84, 80, 42, 59,
Janiyah Dennis, 92, 2, 72, 93, 72, 61, 67, 58, 70, 83, 88, 53, 67,
Judith Meadows, 27, 4, 76, 78, 76, 87, 56, 81, 86, 81, 88, 50, 89,
King Myers, 53, 1, 68, 77, 91, 53, 60, 63, 57, 55, 84, 92, 48,
Willow Santana, 4, 4, 73, 86, 84, 78, 58, 60, 74, 71, 94, 47, 71,
Mary Williams, 60, 4, 77, 74, 78, 94, 59, 69, 83, 82, 91, 46, 92,
Hanna Woodard, 78, 4, 75, 77, 91, 90, 55, 68, 75, 69, 84, 47, 95,
Wallace Baxter, 59, 1, 67, 92, 72, 51, 66, 53, 64, 56, 81, 72, 50,
Nina Burton, 39, 2, 73, 90, 91, 73, 69, 69, 66, 85, 82, 42, 62,
Esther Morris, 5, 4, 73, 95, 95, 78, 55, 70, 76, 65, 79, 47, 73,
Adrian Ross, 100, 3, 74, 86, 88, 75, 73, 95, 68, 78, 92, 37, 76,
Sutton Baldwin, 85, 3, 67, 74, 84, 62, 67, 70, 68, 61, 80, 31, 80,
Korbyn Rocha, 74, 1, 68, 86, 78, 53, 68, 53, 63, 71, 77, 60, 57,
Nicole Graham, 79, 2, 74, 87, 93, 68, 81, 67, 65, 77, 87, 51, 60,
Malachi Kim, 67, 1, 67, 70, 73, 57, 60, 76, 64, 58, 89, 76, 58,
Bennett Donaldson, 98, 3, 74, 86, 76, 65, 82, 69, 93, 84, 79, 43, 64,
Marley Owen, 28, 3, 71, 90, 90, 65, 70, 61, 63, 81, 77, 43, 68,
Rene Descartes, 16, 4, 75, 91, 74, 95, 60, 83, 88, 67, 88, 45, 72,
Finnley Morton, 88, 1, 71, 91, 89, 56, 54, 69, 71, 64, 94, 76, 46,
Keanu Gallegos, 52, 1, 70, 87, 88, 45, 77, 77, 65, 65, 91, 60, 58,
Vihaan Zimmerman, 57, 1, 66, 76, 72, 52, 59, 75, 64, 62, 81, 87, 49,
Kashton Dennis, 86, 1, 69, 81, 77, 56, 52, 66, 66, 69, 89, 91, 48,
Oaklee Hudson, 86, 4, 73, 81, 72, 93, 59, 79, 71, 69, 91, 45, 76,
Enoch Aguirre, 97, 1, 73, 80, 75, 58, 79, 67, 65, 72, 90, 95, 51,
Kellen Barber, 32, 3, 71, 86, 90, 61, 83, 81, 69, 62, 77, 39, 77,
Kenneth Cortez, 80, 1, 71, 72, 75, 57, 71, 58, 74, 68, 93, 79, 57,
Adaline Mullins, 62, 4, 75, 85, 72, 84, 60, 82, 73, 75, 89, 47, 95,
Danna Wiggins, 2, 1, 74, 75, 89, 62, 88, 69, 71, 80, 91, 55, 59,
Octavia Chung, 19, 2, 69, 84, 84, 69, 73, 58, 63, 82, 75, 41, 58,
Deacon Arias, 10, 3, 70, 81, 78, 62, 69, 88, 86, 74, 79, 49, 59,
Kody Barry, 71, 3, 72, 71, 90, 74, 76, 95, 78, 66, 89, 49, 57,
Elaina Melendez, 15, 2, 70, 77, 77, 58, 76, 67, 74, 83, 90, 47, 55,
Winnie Joseph, 82, 4, 74, 83, 76, 81, 59, 78, 73, 69, 94, 50, 82,
Edmund Husserl, 87, 4, 73, 71, 70, 91, 57, 81, 79, 76, 77, 46, 93,
Ellis Rhodes, 14, 3, 73, 79, 86, 69, 76, 77, 85, 84, 87, 33, 59,
Dakari Dixon, 49, 1, 67, 70, 89, 57, 53, 71, 59, 61, 78, 85, 56,
Riley Montgomery, 72, 4, 73, 71, 71, 85, 60, 71, 83, 81, 88, 50, 76,
Azalea Hayes, 72, 4, 76, 84, 89, 91, 60, 77, 79, 77, 76, 50, 80,
Joey Hahn, 14, 1, 70, 87, 79, 51, 77, 72, 55, 62, 94, 75, 52,
Jillian Grimes, 66, 4, 76, 76, 79, 86, 56, 83, 83, 76, 95, 49, 84,
Abdullah Harvey, 48, 1, 71, 79, 86, 56, 73, 67, 58, 67, 83, 93, 52,
Nikita Mazepin, 30, 1, 62, 70, 74, 51, 56, 51, 68, 55, 78, 59, 52,
Novah Harding, 78, 4, 77, 91, 86, 80, 60, 84, 79, 67, 93, 48, 90,
Janelle Rivas, 92, 4, 72, 82, 80, 76, 60, 62, 74, 81, 80, 46, 74,
Joyce Frederick, 46, 4, 73, 70, 82, 76, 55, 82, 79, 84, 85, 48, 86,
Mercy Huffman, 50, 4, 75, 95, 77, 83, 60, 83, 77, 73, 90, 49, 71,
Helena Sheppard, 26, 2, 72, 89, 78, 72, 85, 55, 73, 65, 78, 50, 60,
Scarlette Nichols, 70, 2, 72, 90, 74, 57, 90, 70, 61, 81, 91, 44, 64,
Zhuangzi, 62, 3, 71, 84, 87, 73, 69, 83, 71, 72, 89, 37, 62,
Jaziel Fowler, 4, 3, 72, 81, 79, 68, 76, 87, 88, 67, 89, 41, 61,
Saul Kripke, 45, 1, 69, 92, 89, 52, 58, 80, 62, 60, 86, 79, 51,
Michael McLean, 62, 3, 76, 81, 83, 80, 79, 86, 65, 78, 94, 53, 71,
Murphy Powell, 62, 2, 73, 83, 87, 74, 72, 64, 71, 84, 84, 46, 61,
Zelda Bonilla, 91, 4, 76, 86, 90, 85, 55, 79, 76, 75, 79, 48, 92,
Sylvie Dejesus, 4, 3, 77, 90, 94, 76, 60, 85, 82, 82, 94, 46, 74,
Morgan Stafford, 28, 1, 68, 92, 77, 56, 58, 68, 64, 64, 77, 69, 57,
Emory Glass, 27, 1, 67, 79, 85, 53, 72, 76, 74, 63, 75, 57, 53,
Heath Contreras, 58, 1, 68, 92, 88, 55, 67, 62, 68, 56, 85, 58, 48,
Porter Trevino, 61, 1, 69, 79, 94, 50, 72, 52, 63, 72, 90, 55, 51,
Thomas S. Kuhn, 62, 1, 69, 70, 88, 51, 68, 62, 75, 57, 77, 89, 49,
Kyng Brock, 80, 1, 70, 95, 73, 59, 54, 80, 62, 74, 76, 89, 48,
Margo McMillan, 55, 2, 68, 77, 87, 62, 78, 67, 65, 60, 77, 45, 68,
Madeleine Salazar, 9, 2, 72, 82, 80, 72, 69, 65, 72, 80, 92, 50, 56,
Wren Atkinson, 17, 4, 73, 82, 72, 75, 55, 66, 80, 82, 88, 47, 77,
Juliana McKay, 5, 4, 72, 86, 76, 77, 58, 71, 88, 70, 75, 48, 72,
Alexandra Serrano, 70, 2, 68, 86, 87, 58, 66, 61, 56, 60, 86, 51, 62,
Eric Anthony, 86, 3, 77, 94, 95, 85, 75, 69, 80, 81, 86, 39, 64,
Brooke Moss, 11, 4, 73, 78, 77, 76, 57, 70, 89, 79, 81, 50, 75,
Raul Pitts, 89, 3, 75, 94, 81, 68, 66, 92, 92, 75, 95, 30, 77,
Kallie Sparks, 40, 4, 72, 74, 89, 84, 56, 74, 73, 68, 89, 45, 77,
Rylee Waller, 17, 2, 66, 88, 71, 57, 66, 68, 59, 60, 88, 49, 59,
Rylee Barron, 49, 2, 68, 74, 95, 55, 65, 59, 62, 64, 80, 52, 66,
Stormi Wright, 69, 2, 74, 75, 95, 74, 86, 61, 66, 70, 82, 53, 70,
Lilyana Hull, 8, 2, 67, 72, 88, 70, 71, 58, 63, 60, 80, 49, 55,
Bennett Burton, 74, 3, 69, 82, 70, 65, 64, 76, 84, 65, 91, 40, 65,
Javier Stein, 4, 1, 64, 70, 90, 48, 63, 70, 59, 61, 75, 58, 54,
Cora Ryan, 14, 4, 76, 84, 86, 86, 57, 68, 82, 83, 84, 47, 79,
Dallas Porter, 81, 3, 67, 73, 77, 64, 67, 95, 65, 68, 89, 41, 59,
Lachlan Washington, 19, 1, 70, 72, 89, 57, 61, 76, 61, 70, 82, 90, 53,
Raiden Carrillo, 46, 3, 70, 78, 80, 67, 78, 74, 92, 67, 83, 31, 61,
Briella Malone, 88, 4, 74, 80, 77, 88, 59, 69, 81, 65, 86, 48, 84,
Gabriella Rogers, 76, 2, 68, 84, 92, 56, 76, 62, 57, 70, 75, 52, 55,
Tate Dickson, 49, 1, 69, 88, 84, 59, 51, 69, 74, 60, 75, 73, 57,
Salvatore Hayes, 11, 1, 71, 83, 87, 60, 57, 77, 69, 74, 77, 85, 47,
Elora Carson, 83, 4, 76, 74, 92, 91, 55, 79, 72, 84, 94, 50, 73,
Royce Stark, 16, 3, 73, 78, 76, 81, 61, 65, 87, 83, 92, 38, 65,
Colten Blevins, 93, 3, 73, 73, 90, 65, 69, 95, 83, 61, 92, 55, 73,
Tristan Marks, 4, 3, 73, 82, 79, 77, 79, 79, 81, 71, 94, 30, 70,
Zeno of Citium, 34, 2, 70, 91, 74, 70, 82, 56, 58, 64, 85, 43, 68,
Damon Bradshaw, 63, 1, 68, 89, 87, 48, 61, 76, 71, 70, 75, 63, 56,
Miley Gardner, 91, 4, 70, 70, 75, 77, 57, 72, 79, 77, 81, 48, 73,
Dylan Lara, 44, 4, 77, 91, 90, 79, 56, 68, 79, 81, 88, 49, 81,
Brecken Schultz, 72, 1, 73, 91, 74, 59, 63, 66, 70, 74, 89, 91, 49,
Wayne Hale, 57, 1, 69, 74, 86, 50, 73, 76, 67, 68, 78, 81, 50,
Dulce Solomon, 5, 4, 75, 90, 75, 76, 60, 69, 75, 80, 95, 46, 86,
Joshua Escobar, 89, 1, 66, 85, 78, 50, 59, 54, 58, 69, 78, 63, 60,
Jefferson Arnold, 95, 1, 70, 86, 80, 47, 73, 73, 72, 60, 91, 79, 47,
Rivka Zimmerman, 54, 2, 69, 94, 72, 60, 76, 55, 65, 68, 85, 44, 64,
Cal Phelps, 32, 3, 76, 89, 83, 71, 73, 89, 90, 75, 93, 48, 65,
Kohen Vance, 57, 3, 69, 90, 76, 60, 81, 75, 64, 79, 88, 33, 56,
Kingston Mendez, 5, 1, 71, 78, 91, 59, 78, 61, 71, 61, 83, 70, 48,
Laney Soto, 34, 4, 76, 76, 82, 89, 58, 65, 88, 75, 84, 50, 84,
Charles-Louis de Secondat, 45, 2, 70, 83, 88, 67, 76, 65, 65, 74, 80, 48, 57,
Vera Aguirre, 91, 4, 77, 95, 94, 89, 57, 79, 82, 80, 77, 49, 72,
Kamari Maynard, 45, 4, 73, 70, 74, 81, 60, 72, 75, 70, 94, 47, 89,
David Kellogg Lewis, 39, 2, 70, 75, 78, 58, 80, 60, 73, 66, 87, 54, 63,
Bo Kaur, 80, 3, 72, 73, 81, 73, 61, 81, 84, 74, 87, 43, 72,
Rome Chung, 50, 1, 68, 93, 89, 54, 72, 63, 60, 57, 77, 56, 55,
Sextus Empiricus, 57, 3, 71, 91, 87, 84, 65, 69, 60, 61, 94, 40, 58,
Melina Black, 37, 2, 74, 87, 87, 60, 83, 65, 68, 79, 82, 54, 66,
Boden Christensen, 52, 3, 74, 82, 85, 79, 72, 90, 86, 78, 76, 43, 65,
Cesar Kirk, 79, 1, 66, 78, 74, 57, 74, 60, 63, 58, 84, 69, 45,
Lea McFarland, 4, 2, 71, 94, 76, 75, 74, 62, 57, 75, 81, 47, 60,
Pythagoras, 84, 1, 65, 75, 85, 45, 50, 70, 68, 71, 83, 63, 50,
Anna Harper, 47, 2, 68, 83, 78, 62, 77, 62, 62, 60, 88, 47, 59,
Keanu Pacheco, 35, 3, 71, 83, 76, 84, 64, 81, 86, 75, 77, 45, 56,
Marcos Ortiz, 61, 3, 73, 88, 89, 62, 78, 91, 74, 72, 77, 39, 79,
Kyrie Doyle, 19, 1, 72, 91, 86, 45, 78, 72, 60, 75, 75, 93, 53,
Ana Delacruz, 25, 4, 75, 84, 74, 88, 58, 81, 71, 75, 92, 46, 87,
Sasha Rose, 83, 4, 77, 82, 91, 76, 60, 61, 88, 74, 93, 48, 82,
Mikayla Bradley, 36, 4, 75, 94, 75, 75, 57, 71, 75, 70, 91, 46, 93,
Charlie Lynch, 8, 1, 68, 71, 81, 59, 60, 56, 68, 60, 79, 81, 60,
Robert Nozick, 28, 4, 73, 92, 70, 85, 58, 72, 76, 71, 87, 47, 76,
Chandler Gallagher, 89, 2, 69, 89, 80, 63, 78, 65, 55, 76, 83, 45, 60,
Giovanna Maxwell, 9, 2, 68, 81, 82, 61, 82, 60, 55, 60, 84, 55, 60,
Raven Harrell, 49, 2, 73, 80, 86, 73, 83, 63, 56, 78, 92, 53, 63,
Presley Leal, 34, 2, 73, 85, 95, 63, 83, 57, 70, 73, 84, 40, 66,
John Dewey, 6, 2, 68, 72, 71, 58, 67, 64, 62, 79, 91, 53, 61,
Dakota Simpson, 54, 4, 76, 92, 76, 78, 58, 63, 89, 81, 76, 50, 85,
Thaddeus Zavala, 22, 3, 77, 88, 95, 67, 85, 67, 80, 76, 95, 46, 66,
Peyton Flores, 21, 4, 78, 76, 94, 86, 57, 60, 88, 84, 90, 48, 87,
Elliott Becker, 10, 3, 74, 84, 87, 81, 60, 88, 90, 66, 88, 33, 78,
Harlan Velez, 100, 3, 70, 81, 85, 62, 62, 76, 84, 63, 93, 41, 60,
Peter McLean, 46, 1, 68, 85, 90, 58, 51, 67, 69, 63, 81, 73, 49,
Cason Byrd, 60, 1, 71, 74, 76, 57, 78, 80, 66, 66, 88, 85, 53,
Emiliano Ayers, 49, 3, 70, 77, 78, 79, 62, 89, 70, 74, 88, 47, 61,
Emma Abbott, 43, 2, 70, 82, 70, 69, 87, 69, 65, 71, 78, 55, 57,
Wilfrid Sellars, 43, 3, 68, 87, 72, 69, 62, 75, 69, 84, 76, 35, 60,
Sergio Booth, 4, 3, 76, 89, 93, 68, 65, 78, 79, 85, 95, 46, 69,
Layton Crane, 94, 1, 70, 84, 93, 60, 67, 68, 55, 68, 79, 78, 50,
Zara Bonilla, 91, 2, 71, 91, 72, 67, 92, 66, 61, 74, 77, 40, 70,
Linda Ayers, 35, 4, 74, 85, 88, 79, 55, 83, 81, 71, 76, 46, 91,
Mohammed Cunningham, 35, 3, 75, 87, 95, 83, 71, 64, 94, 61, 91, 37, 61,
Natasha Gilbert, 16, 2, 71, 92, 76, 59, 76, 58, 75, 65, 80, 47, 70,
Emilio Stuart, 9, 1, 68, 93, 74, 45, 73, 66, 71, 64, 89, 55, 55,
Callie Leonard, 87, 4, 76, 89, 85, 89, 58, 77, 85, 66, 94, 50, 73,
Fatima Stafford, 69, 2, 67, 72, 77, 63, 74, 58, 60, 68, 85, 51, 57,
Thea Underwood, 3, 4, 77, 84, 86, 95, 60, 74, 80, 71, 91, 45, 86,
London McGuire, 93, 2, 67, 72, 82, 66, 65, 59, 59, 83, 76, 40, 65,
Judith Ingram, 17, 2, 70, 70, 90, 55, 95, 67, 59, 69, 92, 43, 58,
Amina Roberson, 80, 4, 75, 94, 86, 82, 58, 61, 85, 65, 82, 47, 79,
Sasha Cole, 78, 2, 68, 78, 72, 59, 70, 68, 71, 69, 92, 44, 57,
Lilianna Horn, 60, 4, 76, 92, 75, 94, 58, 65, 74, 83, 92, 48, 71,
Bertrand Russell, 17, 2, 69, 80, 78, 55, 77, 57, 68, 77, 78, 54, 57,
Malia McCarty, 50, 2, 71, 93, 93, 57, 80, 57, 63, 64, 79, 40, 70,
Santos Hughes, 37, 3, 71, 83, 75, 74, 60, 83, 89, 75, 80, 55, 55,
Aya Peterson, 49, 4, 79, 91, 81, 93, 56, 71, 78, 85, 93, 46, 90,
Ludwig Wittgenstein, 55, 1, 68, 93, 85, 52, 50, 59, 57, 70, 79, 78, 48,
Bodie Bradford, 41, 1, 68, 92, 70, 58, 50, 69, 73, 69, 91, 59, 55,
Addison King, 58, 4, 72, 73, 72, 92, 56, 69, 76, 74, 82, 50, 80,
Raina O’brien, 81, 4, 77, 90, 87, 75, 57, 63, 88, 79, 86, 45, 92,
Sir A.J. Ayer, 83, 2, 70, 71, 88, 66, 83, 56, 59, 82, 81, 47, 59,
Nehemiah Ferguson, 80, 1, 68, 93, 91, 54, 75, 53, 68, 56, 75, 59, 45,
Denver Leach, 37, 4, 75, 78, 88, 83, 59, 65, 82, 81, 81, 49, 81,
Gabrielle Bates, 47, 2, 69, 79, 76, 59, 89, 69, 62, 65, 91, 43, 61,
Blakely Pacheco, 9, 2, 68, 79, 70, 61, 82, 60, 61, 83, 75, 50, 55,
Ledger Summers, 3, 1, 70, 76, 78, 46, 73, 69, 69, 66, 84, 88, 50,
Francis Bacon, 46, 2, 70, 77, 90, 63, 83, 63, 59, 71, 91, 46, 56,
Aliana Hayden, 22, 2, 69, 72, 80, 60, 92, 56, 75, 65, 79, 41, 62,
Skyler McConnell, 99, 4, 75, 82, 71, 75, 59, 67, 87, 81, 83, 47, 91,
Tyson Lim, 72, 3, 70, 80, 74, 61, 75, 69, 83, 78, 79, 39, 67,
Hassan James, 21, 1, 71, 88, 80, 54, 78, 67, 68, 71, 86, 59, 57,
Maxwell Pace, 70, 3, 72, 94, 92, 63, 61, 75, 94, 76, 76, 38, 55,
Al-Kindi, 25, 4, 75, 87, 77, 81, 57, 71, 80, 80, 81, 49, 83,
Elizabeth Cuevas, 81, 4, 80, 90, 95, 93, 56, 82, 75, 82, 93, 50, 93,
Harley Hughes, 58, 2, 71, 91, 80, 56, 82, 62, 69, 84, 86, 42, 55,
Henley Pena, 98, 2, 70, 84, 84, 57, 84, 63, 56, 65, 86, 47, 68,
Louisa Castaneda, 53, 2, 69, 74, 84, 66, 82, 67, 64, 74, 75, 45, 58,
Nikolas Villegas, 70, 3, 74, 71, 91, 85, 79, 65, 90, 72, 79, 46, 56,
Rhea Conner, 28, 2, 72, 78, 83, 71, 87, 61, 63, 80, 83, 48, 62,
Colton Foster, 44, 3, 72, 90, 71, 79, 62, 95, 86, 70, 94, 36, 63,
Zahra Duran, 25, 2, 74, 95, 95, 75, 77, 59, 66, 76, 84, 40, 62,
Oakleigh Palmer, 81, 4, 72, 70, 94, 83, 55, 75, 88, 65, 75, 48, 78,
Jacques Derrida, 11, 2, 67, 71, 75, 61, 74, 68, 61, 71, 93, 48, 57,
Atlas Carpenter, 98, 3, 68, 76, 74, 73, 80, 90, 63, 70, 84, 38, 61,
Frankie Day, 9, 2, 69, 74, 71, 61, 82, 55, 73, 74, 87, 40, 66,
Estella Carroll, 53, 2, 70, 81, 77, 70, 88, 63, 57, 62, 86, 41, 68,
Madalyn Norris, 33, 4, 78, 94, 84, 91, 55, 74, 80, 82, 95, 47, 82,
Krew Atkins, 55, 3, 72, 74, 93, 78, 69, 95, 64, 78, 75, 47, 71,
Jurgeb Gabernas, 4, 4, 71, 76, 76, 75, 58, 78, 78, 74, 78, 50, 80,
Hana Bautista, 10, 2, 69, 77, 73, 60, 73, 55, 67, 80, 87, 53, 56,
Democritus, 98, 3, 76, 94, 89, 80, 62, 87, 94, 83, 75, 38, 75,
Mohammad Payne, 63, 1, 72, 83, 86, 53, 70, 69, 60, 65, 95, 84, 56,
Baylee Simpson, 18, 2, 68, 87, 80, 74, 81, 62, 57, 65, 77, 42, 56,
Wade Nash, 81, 3, 76, 80, 75, 84, 79, 82, 95, 77, 94, 46, 59,
Leah Maldonado, 2, 1, 70, 93, 86, 56, 73, 69, 69, 60, 85, 45, 70,
Sky Kirk, 45, 2, 71, 79, 75, 75, 94, 60, 69, 67, 85, 46, 56,
Magnolia Ho, 2, 4, 72, 75, 75, 94, 56, 82, 87, 67, 75, 48, 75,
Mason Ayala, 44, 1, 67, 91, 70, 47, 73, 62, 68, 55, 91, 64, 47,
Ismael Wise, 86, 3, 80, 87, 86, 84, 81, 84, 82, 82, 95, 53, 78,
Anne Gardner, 9, 4, 77, 86, 89, 82, 58, 68, 89, 79, 84, 46, 88,
Enoch McDowell, 27, 3, 75, 84, 92, 80, 71, 90, 70, 73, 89, 53, 68,
al-Ghazali, 2, 1, 72, 85, 80, 74, 73, 70, 75, 66, 87, 51, 65,
Paris Dorsey, 69, 2, 67, 70, 71, 66, 90, 70, 58, 71, 78, 49, 55,
August Garner, 18, 2, 70, 82, 84, 58, 78, 55, 74, 62, 80, 51, 67,
Eric Horn, 74, 3, 74, 86, 87, 61, 65, 79, 85, 70, 85, 54, 78,
Teresa Franco, 24, 4, 76, 76, 81, 90, 55, 75, 87, 83, 86, 50, 79,
Marcos Thomas, 49, 3, 73, 80, 77, 60, 84, 87, 77, 73, 92, 46, 71,
Jazlyn Hardin, 76, 4, 77, 92, 94, 80, 56, 68, 90, 79, 76, 50, 84,
Adrianna Lindsey, 94, 2, 69, 91, 77, 56, 81, 65, 68, 63, 91, 40, 58,
Poppy Galindo, 94, 4, 74, 77, 74, 78, 58, 68, 90, 67, 90, 47, 93,
Harris Pacheco, 35, 1, 70, 74, 90, 50, 60, 77, 58, 70, 93, 90, 47,
Lia Kirby, 70, 4, 76, 85, 95, 88, 59, 68, 70, 80, 85, 47, 77,
Vincenzo Johnson, 59, 1, 66, 71, 81, 60, 50, 72, 58, 56, 85, 81, 53,
Opal Keith, 30, 4, 74, 89, 95, 75, 56, 62, 82, 66, 86, 50, 72,
Ivanna Baldwin, 82, 2, 71, 87, 80, 70, 88, 65, 58, 74, 94, 40, 56,
Shiloh Robertson, 63, 2, 71, 73, 73, 60, 88, 56, 66, 84, 77, 52, 68,
Elyse Doyle, 42, 4, 79, 95, 81, 85, 60, 72, 81, 84, 92, 47, 87,
Saul English, 24, 3, 72, 89, 92, 69, 69, 95, 68, 74, 90, 32, 72,
Aubrielle Charles, 28, 2, 73, 86, 95, 75, 83, 59, 56, 78, 84, 45, 56,
Emerald Foster, 10, 2, 71, 76, 71, 59, 75, 61, 73, 83, 91, 54, 60,
Aries Barrera, 28, 3, 70, 79, 84, 64, 69, 60, 91, 68, 81, 42, 55,
Olive Lopez, 28, 2, 71, 73, 83, 67, 89, 58, 68, 72, 77, 48, 70,
Zander Chandler, 99, 3, 72, 74, 85, 81, 67, 63, 83, 74, 77, 34, 80,
Hassan Everett, 60, 3, 74, 91, 80, 75, 62, 83, 87, 74, 92, 34, 71,
Sage Pena, 27, 3, 75, 78, 78, 65, 85, 85, 84, 83, 91, 43, 72,
Thatcher Casey, 33, 3, 74, 74, 70, 65, 83, 92, 89, 83, 81, 49, 78,
Derrick Clayton, 54, 1, 69, 73, 86, 58, 52, 59, 64, 70, 85, 79, 56,
Waverly Foley, 45, 4, 76, 85, 88, 90, 60, 74, 73, 69, 91, 47, 87,
Barrett Bartlett, 4, 1, 69, 89, 90, 49, 65, 78, 58, 63, 77, 75, 60,
Viviana Whitney, 1, 4, 74, 73, 71, 88, 55, 62, 85, 76, 78, 50, 93,
Tony McIntosh, 60, 1, 75, 84, 91, 52, 70, 71, 73, 73, 94, 82, 56,
Wade Johns, 4, 1, 67, 71, 72, 51, 68, 80, 60, 58, 87, 78, 60,
Jeremy Bentham, 3, 4, 76, 87, 86, 76, 56, 63, 86, 84, 77, 45, 88,
Emory Oliver, 50, 3, 73, 87, 76, 70, 74, 84, 85, 75, 76, 34, 80,
Lincoln Farrell, 70, 3, 71, 79, 74, 78, 65, 74, 74, 84, 80, 49, 59,
Flora Mahoney, 77, 4, 75, 71, 93, 94, 55, 71, 87, 66, 79, 45, 86,
Avah Ryan, 76, 4, 78, 89, 73, 93, 59, 71, 75, 82, 91, 47, 93,
Trent Kramer, 22, 3, 75, 94, 74, 74, 81, 90, 85, 85, 83, 48, 56,
Julian Hunt, 5, 1, 68, 94, 80, 53, 71, 75, 67, 59, 80, 60, 48,
Jayson O’Connor, 1, 3, 68, 80, 92, 67, 63, 74, 79, 67, 84, 33, 55,
Davian Stark, 27, 1, 68, 81, 91, 48, 60, 51, 55, 55, 81, 84, 59,
Veronica Graham, 95, 4, 73, 79, 77, 90, 56, 72, 83, 74, 76, 46, 76,
G.E. Moore, 39, 3, 74, 92, 76, 63, 77, 85, 92, 69, 92, 33, 77,
Brett Roberson, 85, 3, 73, 90, 78, 74, 84, 92, 66, 67, 77, 48, 80,
Bryce Barton, 28, 1, 67, 85, 74, 58, 73, 78, 62, 56, 75, 78, 47,
Harrison Ward, 19, 1, 70, 73, 91, 58, 62, 72, 55, 71, 78, 93, 49,
Ramona Humphrey, 65, 4, 74, 85, 71, 90, 59, 85, 80, 72, 76, 49, 92,
Dane Orozco, 61, 3, 77, 90, 89, 80, 72, 74, 92, 82, 86, 36, 69,
Tadeo Jacobs, 50, 1, 69, 71, 72, 52, 62, 58, 61, 63, 92, 95, 59,
Jacoby Newton, 9, 1, 72, 80, 78, 57, 67, 59, 74, 72, 90, 91, 47,
Camilla Brewer, 46, 2, 66, 70, 88, 59, 66, 55, 64, 62, 81, 50, 56,
Niko Gates, 4, 1, 68, 90, 94, 45, 57, 80, 66, 57, 94, 62, 50,
Chris Sweeney, 19, 1, 68, 94, 71, 56, 75, 76, 63, 59, 82, 60, 57,
Juelz Young, 14, 1, 71, 73, 95, 52, 63, 57, 60, 73, 92, 86, 45,
Miles Crawford, 71, 3, 75, 84, 95, 83, 78, 89, 65, 63, 81, 47, 79,
Zariyah Giles, 81, 2, 71, 70, 85, 72, 86, 56, 65, 74, 75, 53, 60,
Leo Vaughn, 78, 3, 77, 80, 94, 83, 83, 68, 76, 80, 90, 52, 55,
Moises Jaramillo, 90, 3, 75, 84, 94, 77, 81, 84, 66, 65, 91, 43, 79,
Malaysia Contreras, 43, 2, 74, 86, 93, 70, 76, 62, 74, 78, 80, 51, 66,
Ila Roy, 11, 4, 73, 76, 85, 78, 55, 73, 77, 74, 75, 48, 91,
Epicurus, 67, 1, 65, 82, 84, 47, 62, 54, 69, 63, 77, 56, 49,
Jakob Koch, 82, 3, 75, 83, 87, 64, 73, 95, 95, 72, 93, 40, 74,
Sylvia McGuire, 67, 2, 71, 92, 87, 67, 68, 64, 74, 68, 92, 43, 56,
Davian Foster, 73, 1, 67, 86, 84, 47, 51, 59, 74, 57, 92, 69, 48,
Livia Gibbs, 80, 2, 77, 90, 91, 68, 84, 57, 74, 77, 92, 55, 70,
Marcus O’Connell, 97, 3, 72, 95, 85, 72, 65, 89, 92, 63, 81, 47, 55,
Natasha Clayton, 40, 4, 74, 76, 74, 87, 59, 83, 83, 72, 82, 49, 89,
Philo Judaeus, 80, 3, 73, 94, 81, 79, 74, 71, 94, 62, 76, 31, 69,
Omari Knox, 45, 3, 72, 81, 87, 73, 65, 67, 77, 76, 79, 48, 65,
Azariah Truong, 14, 3, 73, 85, 88, 62, 68, 73, 89, 75, 78, 52, 62,
Allie Duarte, 86, 4, 76, 93, 89, 90, 60, 70, 80, 71, 78, 47, 84,
Julian Ford, 98, 1, 74, 89, 95, 52, 70, 69, 58, 74, 86, 90, 59,
Immanuel Kant, 33, 1, 70, 77, 78, 51, 78, 50, 63, 65, 89, 78, 58,
Ace Pacheco, 53, 1, 71, 72, 91, 54, 62, 75, 74, 57, 90, 95, 47,
Karl Marx, 62, 2, 70, 75, 82, 65, 81, 67, 55, 67, 90, 53, 70,
Jad Harrell, 69, 3, 73, 78, 87, 73, 77, 78, 86, 69, 85, 30, 74,
Nyla Orozco, 75, 4, 73, 71, 74, 84, 56, 75, 74, 84, 84, 45, 85,
Kayden Reed, 83, 3, 75, 86, 92, 65, 80, 81, 83, 77, 87, 42, 65,
Bodie Anderson, 66, 3, 75, 72, 90, 78, 77, 73, 78, 67, 88, 54, 71,
Lara Gallagher, 39, 2, 73, 90, 83, 75, 73, 60, 70, 77, 76, 49, 65,
Memphis Donaldson, 25, 1, 70, 86, 90, 55, 52, 67, 73, 67, 87, 81, 45,
Savannah Maldonado, 60, 4, 75, 70, 91, 90, 55, 75, 81, 79, 93, 49, 70,
Zoey Burton, 23, 2, 71, 89, 91, 67, 75, 70, 63, 63, 80, 43, 70,
Oliver Galindo, 3, 1, 66, 85, 87, 45, 66, 77, 63, 57, 77, 67, 48,
Taylor Johnson, 11, 2, 71, 94, 82, 57, 86, 64, 56, 73, 75, 47, 69,
John Locke, 29, 1, 73, 91, 94, 45, 74, 75, 64, 62, 84, 90, 60,
Hayden Morris, 39, 1, 69, 84, 87, 51, 73, 57, 74, 56, 76, 81, 45,
Calum Elliott, 44, 3, 73, 75, 83, 81, 81, 94, 74, 69, 93, 47, 57,
Ruben Hayes, 99, 1, 67, 82, 87, 45, 55, 55, 55, 68, 94, 76, 46,
Avery Curry, 6, 1, 70, 91, 70, 55, 66, 75, 68, 55, 84, 92, 56,
Xiomara Merritt, 23, 4, 73, 73, 83, 79, 59, 77, 79, 78, 84, 45, 79,
Cody Hopkins, 53, 1, 66, 70, 76, 52, 62, 60, 58, 69, 85, 66, 57,
Denise Hernandez, 14, 4, 76, 84, 94, 78, 58, 63, 85, 67, 88, 50, 81,
Callie Dudley, 10, 2, 70, 71, 72, 72, 80, 63, 75, 69, 95, 40, 60,
Jamari Rosas, 15, 3, 73, 94, 72, 65, 76, 92, 68, 85, 87, 54, 64,
Nicholas Carrillo, 99, 1, 68, 72, 87, 58, 67, 68, 66, 55, 77, 77, 59,
Alfred North Whitehead, 3, 2, 68, 95, 72, 68, 71, 61, 62, 64, 81, 45, 58,
Celine O’Neal, 47, 4, 72, 77, 76, 79, 57, 78, 85, 65, 79, 45, 89,
Leroy Larsen, 38, 3, 71, 74, 79, 72, 60, 94, 81, 73, 83, 51, 71,
Marcelo McKinney, 3, 2, 72, 75, 72, 77, 83, 76, 78, 84, 76, 38, 66,
Autumn Wright, 52, 4, 74, 80, 70, 93, 55, 65, 71, 79, 90, 48, 81,
Gwen Dunlap, 20, 2, 69, 72, 73, 58, 74, 55, 74, 79, 80, 52, 64,
Foster Bryan, 14, 1, 71, 84, 91, 54, 71, 63, 59, 64, 87, 79, 52,
Aldo Camacho, 55, 1, 69, 90, 84, 49, 66, 78, 67, 62, 92, 62, 49,
Alena Suarez, 8, 4, 74, 95, 86, 81, 60, 61, 77, 67, 75, 46, 82,
Aylin Avalos, 71, 4, 72, 72, 74, 86, 55, 63, 77, 80, 75, 47, 84,
Brynn Goodwin, 87, 4, 74, 74, 94, 87, 59, 83, 79, 65, 82, 47, 82,
Westley Patton, 41, 1, 72, 88, 91, 59, 56, 76, 64, 66, 91, 85, 49,
Darwin Harper, 65, 3, 70, 87, 81, 81, 71, 76, 64, 67, 76, 33, 73,
Savanna Beck, 60, 4, 73, 94, 72, 76, 57, 84, 86, 72, 81, 45, 74,
Hadleigh Fitzpatrick, 56, 4, 75, 75, 94, 86, 59, 84, 75, 75, 86, 49, 82,
Bruce Gilmore, 63, 1, 73, 91, 72, 50, 59, 65, 75, 74, 90, 95, 58,
Mira Lugo, 14, 2, 70, 86, 70, 71, 88, 58, 57, 65, 88, 51, 61,
Eliezer Holt, 30, 1, 70, 72, 83, 59, 61, 66, 60, 68, 81, 95, 58,
Willow Hancock, 57, 2, 67, 72, 80, 55, 88, 66, 59, 61, 84, 46, 64,
Rachel Gilmore, 87, 4, 75, 79, 78, 86, 58, 76, 80, 85, 75, 49, 91,
Rayna Gillespie, 83, 4, 72, 70, 90, 78, 59, 69, 77, 65, 91, 50, 73,
Niccolo Machiavelli, 95, 4, 76, 80, 83, 77, 59, 66, 89, 84, 84, 50, 81,
Madelynn Howe, 32, 4, 75, 91, 92, 76, 55, 75, 78, 78, 95, 47, 71,
Armando Banks, 23, 3, 73, 88, 95, 71, 68, 63, 67, 72, 91, 51, 62,
Kairo McCullough, 50, 1, 68, 84, 73, 55, 64, 56, 69, 57, 78, 80, 58,
Memphis Powers, 83, 1, 71, 81, 82, 48, 63, 72, 69, 65, 95, 77, 59,
Leanna McClure, 30, 2, 72, 74, 87, 70, 87, 62, 57, 82, 76, 55, 65,
Austin Patton, 68, 3, 76, 90, 90, 85, 83, 75, 92, 71, 75, 37, 65,
Legend Hernandez, 7, 3, 73, 87, 84, 78, 78, 66, 69, 74, 84, 38, 71,
Jane Olson, 41, 4, 73, 78, 71, 91, 56, 62, 72, 73, 81, 48, 95,
Wilson Frost, 4, 1, 68, 95, 72, 58, 64, 64, 59, 61, 76, 78, 51,
Canaan Park, 98, 3, 75, 95, 72, 69, 79, 71, 90, 72, 79, 53, 67,
Kara Ware, 64, 4, 74, 90, 80, 83, 57, 84, 73, 69, 82, 46, 86,
Andrew Barron, 37, 1, 69, 92, 78, 58, 54, 66, 67, 65, 75, 79, 53,
Amiyah Palacios, 33, 2, 69, 76, 74, 74, 76, 59, 57, 80, 87, 44, 59,
Oakley Golden, 31, 4, 74, 90, 93, 87, 60, 66, 72, 65, 82, 46, 71,
Richard Rorty, 23, 3, 74, 73, 87, 81, 67, 87, 75, 80, 95, 49, 65,
Madelyn King, 61, 4, 77, 70, 81, 86, 58, 82, 83, 83, 95, 47, 91,
Jada Coffey, 75, 2, 74, 82, 91, 67, 91, 61, 66, 82, 90, 43, 61,
Plotinus, 29, 2, 68, 80, 83, 58, 74, 58, 56, 75, 82, 46, 59,
Milana Colon, 78, 4, 73, 70, 84, 78, 55, 84, 77, 82, 86, 47, 84,
Pablo Blankenship, 76, 1, 70, 95, 82, 45, 71, 61, 63, 56, 92, 68, 58,
Maisie Garner, 83, 2, 74, 85, 83, 67, 92, 60, 71, 71, 90, 51, 61,
Giavanna Cannon, 8, 4, 75, 86, 84, 87, 57, 78, 84, 75, 77, 50, 78,
Everett Rivera, 46, 3, 72, 88, 80, 77, 63, 71, 73, 78, 79, 43, 74,
Maddison Bradshaw, 86, 2, 73, 87, 91, 59, 85, 57, 67, 80, 82, 43, 70,
Gabriela Bernal, 27, 2, 70, 76, 91, 74, 78, 66, 71, 60, 78, 41, 66,
David Hume, 74, 3, 74, 75, 84, 78, 61, 76, 93, 71, 94, 45, 65,
Hakeem Middleton, 77, 3, 69, 73, 78, 71, 62, 69, 65, 81, 86, 48, 65,
Paris Ryan, 29, 2, 70, 87, 82, 60, 72, 64, 64, 83, 83, 42, 59,
Zeno of Elea, 66, 1, 73, 95, 95, 46, 70, 53, 57, 70, 93, 83, 53,
Rylee Huynh, 60, 2, 71, 75, 76, 62, 85, 55, 57, 81, 92, 44, 67,
Ares Haley, 81, 3, 76, 85, 81, 62, 82, 83, 86, 78, 91, 49, 76,
Caiden Le, 66, 1, 71, 75, 82, 51, 63, 51, 73, 68, 90, 85, 57,
Beatrice Ortiz, 67, 4, 72, 81, 76, 83, 60, 70, 73, 75, 77, 49, 74,
Fatima Spence, 57, 4, 73, 71, 88, 77, 55, 82, 72, 78, 88, 50, 83,
Elodie Wiggins, 49, 2, 71, 72, 95, 59, 87, 61, 69, 60, 77, 55, 66,
Chandler Macdonald, 60, 1, 69, 87, 75, 48, 60, 71, 74, 63, 80, 81, 58,
Kabir Hutchinson, 37, 3, 71, 95, 74, 64, 64, 88, 86, 66, 85, 33, 80,
Avery Malone, 50, 3, 71, 73, 86, 67, 77, 86, 66, 83, 92, 31, 72,
Lane Tyler, 16, 1, 70, 77, 75, 57, 54, 59, 64, 70, 90, 87, 56,
Edith Duffy, 89, 4, 76, 82, 94, 83, 58, 84, 90, 69, 90, 45, 80,
Ares Bell, 79, 1, 69, 87, 79, 60, 69, 75, 64, 70, 79, 61, 53,
Eden Christian, 77, 4, 71, 73, 72, 82, 60, 83, 71, 66, 79, 48, 90,
Emily Durham, 29, 2, 68, 93, 73, 66, 70, 64, 72, 64, 78, 41, 62,
Cillian Norman, 19, 1, 67, 79, 86, 56, 62, 57, 60, 63, 76, 71, 50,
Adriel Washington, 30, 3, 71, 88, 81, 78, 75, 86, 70, 60, 82, 32, 77,
Rosalee McMahon, 84, 2, 70, 82, 83, 65, 73, 63, 67, 85, 75, 49, 59,
Dallas Stanton, 30, 1, 67, 79, 75, 50, 68, 59, 57, 55, 89, 88, 48,
Charley Marquez, 43, 2, 66, 70, 77, 59, 80, 58, 55, 63, 81, 46, 67,
Milan Meza, 27, 3, 74, 92, 74, 71, 65, 90, 85, 78, 92, 49, 60,
Wayne Park, 96, 1, 67, 81, 70, 46, 54, 70, 71, 71, 77, 84, 57,
Kaiden Vega, 41, 3, 73, 86, 86, 65, 75, 94, 72, 85, 91, 44, 57,
Roy Stevens, 13, 3, 76, 92, 90, 71, 73, 72, 85, 66, 78, 54, 76,
Noah Day, 97, 4, 76, 78, 82, 90, 60, 77, 90, 84, 86, 48, 72,
Pyrrhon of Elis, 48, 4, 76, 84, 83, 92, 58, 74, 76, 84, 89, 48, 75,
Magnus Hogan, 38, 1, 67, 95, 90, 48, 53, 72, 62, 60, 89, 62, 50,
Kye White, 72, 3, 74, 84, 92, 65, 68, 73, 90, 62, 83, 51, 73,
Makenzie Gomez, 12, 2, 70, 93, 80, 72, 76, 63, 59, 64, 81, 54, 59,
Aiden Carroll, 30, 1, 65, 75, 76, 51, 56, 79, 62, 68, 84, 74, 47,
Eddie Wise, 39, 1, 71, 85, 82, 50, 61, 77, 66, 75, 93, 72, 60,
Michel Foucault, 77, 2, 71, 91, 83, 60, 76, 61, 71, 68, 85, 42, 64,
Raven Rosas, 66, 4, 75, 72, 80, 95, 58, 84, 84, 82, 77, 49, 82,
Kori Wheeler, 23, 2, 71, 83, 91, 62, 79, 64, 56, 72, 82, 51, 67,
Valeria Marsh, 94, 2, 74, 77, 93, 67, 95, 65, 65, 84, 82, 48, 58,
Marcus Giles, 77, 1, 67, 86, 73, 49, 75, 58, 62, 66, 89, 57, 54,
Raul Short, 29, 3, 77, 93, 91, 72, 75, 65, 78, 78, 95, 40, 77,
Miriam Andrade, 18, 4, 71, 83, 70, 88, 56, 64, 82, 68, 75, 45, 77,
Cory Dunn, 87, 1, 62, 74, 78, 49, 59, 61, 58, 58, 88, 56, 46,
Julian Cervantes, 35, 3, 73, 75, 79, 76, 80, 83, 62, 83, 89, 49, 72,
Averroes, 56, 4, 76, 94, 85, 95, 56, 64, 83, 80, 80, 47, 71,
Ryker Whitney, 26, 3, 75, 71, 73, 84, 81, 92, 95, 81, 82, 55, 57,
Scout James, 59, 4, 76, 94, 75, 85, 60, 76, 79, 79, 91, 49, 79,
Sir Karl Popper, 66, 4, 75, 85, 91, 75, 56, 63, 77, 74, 93, 45, 83,
Lillian McPherson, 61, 4, 74, 79, 76, 79, 57, 73, 77, 84, 94, 48, 78,
Skylar Day, 80, 2, 73, 95, 85, 58, 73, 58, 74, 77, 80, 55, 66,
Shepherd Wilkerson, 13, 1, 71, 81, 85, 47, 52, 54, 68, 74, 95, 87, 54,
Lennon Holt, 68, 4, 77, 79, 88, 88, 57, 73, 78, 83, 91, 46, 90,
Isla Andrews, 93, 4, 74, 88, 82, 78, 60, 66, 76, 72, 94, 49, 73,
Clay Gates, 37, 1, 71, 75, 89, 59, 71, 63, 75, 68, 83, 71, 48,
Dane Mendoza, 6, 3, 71, 83, 74, 69, 60, 68, 93, 68, 92, 44, 64,
Musa Hogan, 22, 1, 69, 81, 73, 51, 66, 59, 59, 64, 87, 83, 60,
John Rawls, 38, 4, 75, 77, 94, 77, 56, 75, 87, 70, 95, 47, 72,
Paris Randolph, 12, 4, 74, 84, 74, 78, 59, 62, 75, 76, 94, 45, 86,
Evangeline Barajas, 62, 2, 69, 88, 87, 61, 83, 63, 57, 73, 77, 41, 57,
Kenneth McMillan, 84, 3, 71, 82, 91, 68, 71, 75, 67, 68, 89, 33, 71,
Ridge Miranda, 6, 3, 72, 78, 88, 85, 61, 83, 83, 67, 83, 41, 67,
Lane Arellano, 63, 3, 72, 72, 89, 62, 84, 78, 67, 82, 79, 42, 72,
Eugene Ponce, 72, 1, 66, 71, 94, 60, 69, 72, 62, 57, 75, 58, 48,
Lance Chavez, 5, 3, 73, 89, 70, 76, 68, 65, 90, 73, 81, 49, 69,
William James, 43, 1, 68, 70, 79, 53, 65, 64, 70, 67, 78, 79, 53,
Valerie Briggs, 7, 4, 73, 77, 73, 86, 56, 67, 79, 72, 82, 49, 85,
Paula Macdonald, 70, 2, 68, 81, 70, 63, 94, 55, 65, 66, 75, 44, 56,
Kassidy McCann, 60, 4, 73, 72, 74, 86, 55, 61, 73, 76, 91, 48, 84,
Mila O’Neill, 85, 2, 71, 87, 75, 74, 79, 59, 63, 74, 81, 49, 64,
Rosalie Jennings, 99, 4, 75, 80, 85, 87, 57, 73, 76, 74, 90, 49, 83,
Joseph Mayo, 45, 1, 70, 95, 88, 57, 71, 52, 60, 75, 81, 63, 46,
Tripp Austin, 83, 3, 73, 89, 87, 70, 65, 80, 62, 79, 95, 52, 58,
Londyn Padilla, 46, 2, 74, 87, 91, 63, 94, 69, 64, 79, 90, 43, 59,
Corinne Armstrong, 42, 2, 70, 90, 76, 56, 91, 62, 72, 76, 78, 41, 58,
Emmitt Baldwin, 36, 3, 70, 71, 90, 70, 78, 83, 73, 78, 77, 37, 63,
Amiyah Bridges, 5, 2, 69, 91, 93, 58, 76, 70, 56, 71, 78, 48, 56,
Alan Russo, 59, 1, 70, 86, 71, 59, 69, 58, 63, 67, 88, 76, 53,
Veronica Rich, 87, 2, 73, 86, 91, 64, 80, 63, 55, 85, 91, 42, 65,
Alessandro Sawyer, 30, 3, 72, 88, 74, 82, 75, 75, 66, 67, 95, 34, 71,
Hypatia, 20, 1, 68, 87, 74, 51, 61, 79, 70, 74, 85, 60, 55,
Boston Patton, 88, 1, 68, 76, 85, 47, 65, 67, 71, 67, 92, 61, 52,
Anya Morse, 49, 2, 71, 79, 95, 67, 67, 62, 65, 70, 79, 50, 70,
Freya Sanchez, 50, 4, 77, 77, 78, 95, 58, 80, 79, 79, 91, 45, 92,
Victoria Skinner, 29, 2, 69, 92, 80, 60, 71, 62, 59, 72, 78, 45, 66,
Alena Yoder, 41, 4, 78, 95, 88, 77, 60, 78, 81, 82, 94, 46, 84,
Tony Walton, 58, 1, 67, 87, 83, 45, 61, 51, 55, 69, 76, 82, 47,
Dexter Soto, 4, 1, 65, 77, 84, 45, 51, 80, 58, 59, 84, 80, 55,
Ariana Bush, 71, 2, 71, 77, 91, 64, 95, 67, 74, 62, 81, 42, 58,
Athena Phillips, 56, 4, 75, 72, 86, 90, 55, 76, 79, 71, 93, 48, 84,
Jolene Lam, 54, 2, 70, 85, 90, 63, 80, 59, 62, 71, 75, 46, 58,
Brianna Grant, 46, 2, 73, 71, 89, 64, 89, 59, 71, 73, 91, 46, 63,
Samantha Hickman, 64, 4, 76, 74, 92, 82, 60, 71, 81, 85, 79, 49, 82,
Lennox Gill, 76, 1, 71, 85, 84, 51, 70, 65, 73, 63, 94, 74, 47,
Zariyah Lawson, 75, 4, 74, 79, 74, 75, 58, 79, 82, 74, 93, 47, 90,
Rebekah Padilla, 93, 4, 78, 92, 75, 81, 55, 81, 90, 73, 93, 49, 94,
Nasir Flores, 72, 1, 68, 84, 87, 50, 56, 54, 66, 72, 82, 57, 60,
Zainab Christian, 91, 2, 66, 94, 72, 62, 65, 61, 65, 62, 84, 40, 58,
Noe Higgins, 67, 3, 69, 78, 74, 82, 76, 85, 69, 71, 76, 41, 55,
Aubrie Ballard, 95, 4, 74, 74, 74, 95, 60, 83, 80, 73, 78, 46, 92,
Jamie Duncan, 51, 4, 76, 89, 80, 94, 57, 69, 82, 70, 82, 50, 84,
Monica White, 42, 4, 74, 82, 89, 94, 60, 64, 74, 67, 76, 49, 77,
Remington Hayes, 20, 1, 66, 70, 73, 52, 75, 52, 72, 56, 78, 76, 50,
Cadence Marshall, 99, 2, 70, 79, 73, 72, 70, 61, 73, 61, 82, 54, 69,
Daniela Garrison, 35, 2, 71, 87, 73, 69, 78, 68, 67, 72, 91, 50, 60,
Saige Santana, 92, 2, 72, 95, 73, 55, 94, 58, 60, 69, 95, 46, 61,
Henri Bergson, 19, 1, 71, 72, 71, 50, 59, 74, 68, 72, 95, 95, 57,
Barrett Hubbard, 45, 1, 70, 86, 77, 47, 77, 79, 68, 69, 76, 93, 45,
Richard Mullins, 49, 1, 67, 79, 89, 45, 66, 74, 56, 72, 79, 58, 59,
Lionel Richard, 34, 3, 76, 74, 88, 72, 66, 82, 91, 80, 87, 55, 77,
Terrance Neal, 63, 3, 74, 71, 83, 68, 76, 84, 82, 75, 93, 51, 70,
Jovie Contreras, 66, 4, 79, 92, 83, 88, 55, 73, 90, 84, 87, 45, 95,
Ulises Lane, 85, 1, 69, 74, 92, 59, 54, 80, 57, 75, 94, 63, 58,
Samara Pollard, 9, 2, 71, 72, 79, 66, 80, 63, 69, 61, 92, 52, 69,
Elliott Payne, 9, 1, 68, 84, 95, 47, 59, 66, 58, 55, 92, 78, 47,
Eithan Allen, 84, 3, 73, 80, 80, 80, 80, 81, 65, 69, 93, 48, 66,
Reece Cortes, 31, 1, 66, 74, 73, 54, 68, 54, 61, 69, 84, 69, 49,
Erin McClure, 55, 2, 69, 72, 79, 61, 91, 66, 71, 60, 83, 47, 59,
Brycen Carroll, 90, 1, 70, 89, 84, 55, 51, 52, 65, 75, 80, 88, 46,
Lance McClure, 67, 1, 68, 83, 73, 55, 59, 79, 55, 66, 81, 87, 58,
Hazel Duarte, 41, 4, 78, 80, 91, 92, 57, 79, 88, 82, 86, 46, 88,
Mohammed Tyler, 58, 3, 70, 73, 88, 73, 62, 78, 82, 62, 89, 34, 74,
Itzayana Cobb, 17, 4, 76, 88, 82, 95, 60, 77, 72, 69, 86, 47, 85,
Nelson Harmon, 65, 3, 74, 90, 89, 78, 71, 82, 89, 60, 88, 40, 68,
Guadalupe Fischer, 81, 4, 73, 70, 77, 83, 55, 66, 82, 75, 88, 46, 84,
Maddox Brooks, 42, 3, 71, 89, 82, 66, 65, 83, 61, 76, 88, 39, 78,
Abdullah Jenkins, 51, 1, 70, 83, 80, 48, 67, 62, 58, 68, 91, 84, 56,
Gottfried Wilhelm Leibniz, 3, 2, 74, 92, 89, 63, 72, 69, 81, 75, 83, 53, 58,
Paige Li, 57, 2, 70, 87, 91, 60, 68, 57, 63, 72, 90, 41, 62,
Kaylani Espinoza, 24, 2, 70, 80, 73, 63, 83, 65, 64, 75, 80, 51, 63,
Moses Maimonides, 15, 2, 76, 87, 81, 68, 94, 63, 75, 84, 90, 46, 65,
Grayson Leal, 14, 1, 67, 70, 80, 59, 71, 54, 64, 70, 84, 56, 52,
Rey Booth, 31, 1, 72, 88, 86, 59, 57, 63, 70, 66, 91, 71, 60,
Nevaeh Schultz, 64, 4, 78, 75, 87, 90, 60, 78, 86, 76, 95, 49, 87,
Timothy Jensen, 66, 3, 75, 87, 90, 85, 66, 69, 77, 83, 76, 55, 59,
Madalynn Robertson, 36, 4, 74, 79, 74, 82, 58, 78, 71, 80, 93, 46, 85,
Lorelei Villa, 80, 4, 76, 85, 77, 93, 57, 66, 87, 83, 84, 47, 79,
Alison Roy, 44, 2, 68, 76, 81, 71, 72, 67, 66, 66, 81, 51, 56,
Noelle McKay, 45, 2, 71, 73, 86, 71, 81, 66, 68, 65, 93, 52, 57,
Andy Ponce, 59, 1, 71, 91, 94, 46, 52, 74, 74, 70, 76, 90, 50,
Rex Rojas, 54, 3, 69, 73, 71, 71, 62, 61, 69, 73, 92, 51, 67,
Collin Orozco, 23, 1, 68, 76, 74, 54, 52, 69, 72, 74, 86, 69, 60,
Carlos Valencia, 66, 1, 71, 80, 79, 58, 56, 63, 61, 73, 91, 90, 51,
Magdalena Aguilar, 18, 2, 76, 93, 85, 75, 89, 55, 73, 77, 80, 48, 64,
Bryson Dougherty, 48, 1, 69, 74, 74, 50, 74, 78, 60, 69, 92, 80, 55,
Archie Bowen, 37, 1, 72, 76, 94, 55, 61, 66, 71, 71, 93, 79, 56,
Brandon Tucker, 93, 3, 72, 91, 75, 79, 69, 75, 87, 60, 80, 54, 58,
Erik Salazar, 1, 3, 72, 83, 84, 85, 60, 62, 73, 77, 84, 37, 66,
John Stuart Mill, 79, 4, 75, 76, 86, 87, 55, 76, 78, 72, 93, 48, 88,
Denver Bautista, 18, 2, 73, 79, 80, 65, 94, 65, 73, 70, 77, 55, 68,
Auguste Comte, 79, 3, 78, 95, 92, 75, 72, 78, 77, 84, 86, 49, 80,
Emmalynn Richmond, 49, 2, 72, 86, 89, 62, 79, 55, 65, 79, 78, 46, 66,
Philip Sanford, 15, 1, 69, 72, 83, 47, 76, 67, 73, 73, 75, 71, 59,
Ashlyn Torres, 4, 2, 71, 91, 92, 71, 67, 57, 61, 66, 82, 49, 63,
Jaden Santana, 42, 3, 77, 83, 93, 84, 80, 65, 81, 85, 89, 48, 55,
Douglas Jenkins, 34, 1, 66, 89, 78, 51, 57, 55, 62, 60, 80, 65, 58,
Randy Dickerson, 99, 3, 68, 73, 73, 65, 81, 69, 64, 81, 95, 31, 55,
Tyson Cardenas, 40, 3, 68, 89, 75, 81, 69, 79, 63, 80, 75, 33, 55,
Aleah Hardin, 53, 2, 68, 84, 79, 56, 67, 69, 59, 76, 89, 48, 58,
Aubree Rollins, 90, 4, 75, 81, 95, 80, 58, 78, 76, 85, 88, 46, 70,
Jaxx Parra, 40, 1, 68, 74, 70, 49, 58, 70, 63, 68, 90, 91, 54,
Faye Guerrero, 82, 4, 74, 85, 93, 89, 56, 61, 76, 76, 76, 47, 72,
Noelle Portillo, 92, 4, 78, 91, 81, 87, 59, 60, 84, 81, 94, 45, 81,
Kyle Leach, 31, 3, 73, 75, 79, 75, 79, 64, 77, 71, 95, 37, 71,
Brinley Pacheco, 3, 2, 69, 71, 92, 70, 79, 59, 62, 77, 79, 42, 55,
Miller Person, 79, 3, 74, 93, 86, 65, 61, 65, 93, 76, 95, 32, 65,
Kaylani Richards, 6, 4, 74, 80, 84, 85, 59, 67, 79, 73, 86, 46, 78,
Saint Anselm of Canterbury, 32, 1, 71, 78, 94, 49, 80, 74, 55, 66, 82, 91, 48,
Eduardo Hamilton, 96, 1, 72, 86, 92, 60, 65, 58, 58, 73, 76, 87, 56,
Vivienne Berg, 85, 4, 72, 83, 70, 90, 58, 68, 75, 69, 82, 47, 76,
Rowan Rowe, 90, 3, 73, 79, 95, 82, 70, 72, 60, 79, 79, 45, 71,
Emilia McKay, 19, 2, 74, 71, 90, 72, 85, 67, 68, 82, 89, 41, 69,
Itzel Young, 22, 4, 75, 93, 78, 88, 59, 76, 76, 65, 83, 49, 92,
Kathryn Carrillo, 45, 2, 74, 84, 89, 55, 80, 63, 69, 85, 94, 53, 61,
Ira Taylor, 52, 3, 66, 74, 71, 65, 74, 83, 65, 65, 91, 33, 59,
Wes Lara, 71, 1, 69, 94, 78, 58, 69, 74, 62, 71, 83, 59, 47,
Kaydence Manning, 83, 2, 66, 73, 81, 57, 77, 58, 67, 70, 81, 40, 56,
Sloane Noble, 16, 2, 68, 84, 72, 56, 77, 69, 63, 78, 80, 45, 62,
Kelly Lam, 73, 4, 73, 79, 74, 84, 58, 85, 80, 74, 88, 45, 80,
Rodrigo Lim, 25, 3, 70, 71, 77, 77, 82, 72, 78, 60, 80, 47, 60,
Gracie Barber, 52, 2, 73, 90, 92, 63, 68, 59, 72, 82, 89, 51, 58,
Shelby Church, 23, 2, 72, 91, 88, 68, 77, 62, 73, 68, 77, 43, 66,
London Shelton, 70, 1, 66, 87, 70, 59, 68, 77, 55, 60, 86, 59, 53,
Charli Graves, 81, 4, 72, 82, 81, 79, 55, 76, 89, 73, 77, 45, 73,
Brynlee Stein, 61, 2, 72, 90, 91, 58, 70, 69, 66, 79, 84, 43, 67,
Iris Kelley, 48, 2, 73, 87, 82, 69, 80, 65, 75, 72, 91, 45, 62,
Meredith Thornton, 30, 2, 77, 92, 87, 73, 92, 56, 65, 76, 90, 54, 66,
Conrad Wiggins, 19, 3, 70, 87, 89, 68, 64, 95, 76, 70, 79, 32, 70,
Mallory Edwards, 9, 2, 73, 94, 91, 56, 81, 55, 55, 83, 93, 43, 68,
Emma Quintero, 41, 2, 69, 83, 85, 60, 72, 56, 60, 81, 76, 48, 56,
Briella Jones, 4, 2, 69, 82, 74, 61, 89, 65, 63, 67, 78, 46, 61,
Hanna Finley, 95, 2, 73, 75, 93, 69, 74, 56, 69, 83, 90, 46, 62,
Scarlet Ashley, 85, 2, 69, 83, 73, 68, 75, 56, 59, 60, 95, 44, 67,
Camila Sanchez, 34, 4, 76, 94, 72, 80, 57, 68, 71, 84, 88, 48, 93,
Santiago Hall, 96, 1, 69, 71, 90, 53, 64, 59, 75, 58, 75, 82, 53,
Reese Fuentes, 68, 3, 72, 70, 91, 61, 66, 88, 88, 76, 84, 39, 78,
Layla Branch, 100, 4, 76, 78, 84, 80, 59, 74, 85, 74, 95, 49, 85,
Michelle Potter, 53, 2, 73, 93, 91, 70, 75, 68, 64, 65, 88, 52, 59,
Lorenzo Schultz, 99, 3, 75, 93, 82, 65, 75, 93, 92, 84, 82, 48, 60,
Emerie Campbell, 9, 4, 77, 80, 84, 77, 60, 73, 81, 85, 87, 50, 89,
Macy Preston, 86, 4, 76, 92, 73, 87, 60, 74, 88, 73, 84, 49, 81,
Ella Roberson, 45, 4, 76, 89, 79, 87, 60, 76, 74, 83, 77, 49, 88,
Jeremias McCann, 91, 3, 76, 76, 92, 84, 77, 74, 94, 77, 85, 36, 71,
Shepherd Schmidt, 58, 1, 68, 73, 88, 49, 62, 69, 59, 67, 86, 87, 46,
Marcus Aurelius, 93, 4, 73, 71, 91, 75, 60, 73, 71, 67, 91, 49, 82,
Azalea Carson, 51, 4, 77, 70, 94, 89, 59, 81, 89, 69, 88, 48, 87,
Cain Bass, 74, 1, 68, 83, 73, 56, 53, 77, 72, 70, 75, 80, 57,
William Barton, 72, 3, 72, 86, 90, 65, 60, 74, 68, 61, 86, 55, 77,
Esmeralda Stein, 20, 4, 77, 87, 74, 92, 56, 78, 90, 84, 88, 50, 75,
Nala Good, 70, 4, 74, 89, 80, 80, 59, 85, 88, 70, 82, 45, 81,
Martha Maldonado, 66, 2, 71, 86, 93, 61, 87, 58, 56, 67, 76, 50, 68,
Yara Jaramillo, 48, 2, 68, 77, 77, 61, 80, 65, 62, 65, 80, 47, 65,
Jean-Jacques Rousseau, 71, 4, 76, 91, 85, 83, 60, 60, 82, 68, 89, 48, 83,
Noah Ferguson, 68, 3, 71, 72, 73, 62, 70, 86, 76, 79, 95, 48, 71,
Jaycee Bentley, 50, 2, 69, 80, 77, 57, 88, 63, 60, 73, 81, 45, 68,
Casey Gutierrez, 99, 3, 70, 81, 74, 83, 65, 89, 63, 84, 80, 31, 76,
Aristotle, 53, 1, 71, 89, 90, 54, 68, 59, 57, 60, 95, 79, 52,
Irene Patton, 84, 2, 66, 79, 78, 56, 77, 64, 57, 61, 87, 44, 60,
Alfredo Taylor, 99, 3, 70, 83, 77, 64, 61, 73, 94, 83, 78, 35, 60,
Erik Saunders, 82, 3, 73, 75, 90, 83, 77, 93, 79, 63, 88, 48, 59,
Mordechai Bond, 73, 3, 72, 84, 78, 72, 82, 80, 82, 74, 87, 38, 55,
Malakai McDonald, 32, 3, 70, 79, 82, 78, 61, 66, 69, 64, 82, 48, 69,
April Stanley, 5, 4, 76, 70, 92, 86, 59, 76, 83, 75, 85, 49, 93,
Nishida Kitaro, 70, 1, 70, 88, 88, 53, 68, 55, 73, 74, 77, 59, 50,
Ibn Arabi, 73, 3, 75, 78, 91, 70, 61, 89, 95, 80, 92, 34, 79,
Katherine Meadows, 3, 4, 71, 74, 72, 90, 55, 68, 74, 75, 84, 48, 75,
Lucca Roy, 43, 3, 70, 92, 76, 85, 61, 82, 67, 60, 83, 51, 58,
Clare Terry, 49, 2, 69, 71, 83, 62, 80, 57, 62, 71, 88, 42, 62,
Finley Yates, 56, 1, 69, 78, 92, 55, 73, 61, 56, 67, 87, 62, 51,
Benedict de Spinoza, 98, 2, 67, 76, 76, 70, 65, 62, 61, 64, 85, 52, 60,
Davis Little, 3, 1, 70, 76, 90, 58, 77, 69, 65, 63, 75, 81, 46,
Friedrich Ludwig Gottlob Frege, 72, 3, 70, 89, 85, 80, 61, 87, 62, 66, 79, 44, 68,
Kaitlyn Hansen, 13, 4, 75, 78, 83, 79, 60, 68, 79, 71, 94, 45, 87,
Marcos Chung, 64, 3, 73, 94, 92, 76, 65, 69, 93, 60, 84, 34, 65,
Harper Delacruz, 33, 2, 70, 79, 76, 66, 75, 66, 73, 75, 78, 44, 66,
Marcel Ellison, 72, 3, 71, 75, 83, 62, 60, 82, 80, 72, 87, 51, 71,
Adam Craig, 10, 3, 77, 82, 81, 74, 78, 72, 95, 71, 89, 52, 72,
Adley Estes, 89, 2, 70, 70, 85, 64, 90, 58, 66, 65, 79, 55, 61,
Ember Cummings, 66, 2, 69, 94, 80, 59, 72, 59, 60, 61, 93, 40, 66,
Simone de Beauvoir, 94, 4, 77, 92, 84, 90, 60, 80, 81, 76, 89, 49, 80,
Rene Valenzuela, 82, 1, 68, 87, 75, 52, 71, 51, 73, 66, 84, 64, 46,
Grayson Garner, 27, 3, 71, 85, 84, 64, 61, 86, 78, 72, 80, 52, 69,
Adelyn Grimes, 70, 2, 75, 85, 95, 74, 78, 59, 67, 80, 88, 48, 65,
Elijah Esparza, 4, 1, 70, 72, 79, 59, 71, 57, 63, 75, 79, 84, 54,
Rosa McDowell, 47, 4, 76, 91, 89, 83, 58, 64, 70, 74, 85, 49, 86,
Bennett Kennedy, 6, 1, 63, 71, 76, 47, 54, 57, 60, 62, 75, 68, 56,
Lilliana Roth, 72, 2, 71, 93, 83, 56, 83, 59, 72, 70, 83, 44, 55,
Hunter Cruz, 79, 2, 74, 93, 95, 73, 85, 59, 69, 80, 82, 40, 57,
Lydia Kennedy, 81, 2, 72, 87, 88, 59, 88, 55, 67, 69, 90, 40, 67,
Gage Martin, 27, 1, 70, 89, 85, 50, 67, 74, 66, 58, 78, 85, 57,
Leonidas Noble, 42, 1, 70, 92, 75, 46, 72, 59, 71, 63, 95, 62, 54,
Rocky Baker, 79, 3, 73, 92, 86, 61, 76, 63, 61, 76, 94, 41, 71,
Salem Ali, 76, 3, 74, 90, 84, 80, 67, 82, 76, 79, 86, 31, 73,
Ramona Walters, 76, 2, 77, 94, 90, 72, 89, 58, 65, 75, 93, 51, 67,
Makenzie Kramer, 35, 2, 72, 87, 84, 58, 89, 65, 74, 60, 95, 51, 55,
Lydia Terry, 35, 2, 73, 92, 93, 71, 86, 60, 57, 72, 77, 47, 66,
Colette Garrett, 83, 4, 76, 87, 79, 92, 60, 82, 90, 75, 84, 48, 74,
Alivia Holmes, 35, 4, 76, 84, 93, 91, 55, 76, 84, 76, 85, 46, 77,
Jacqueline Lyons, 89, 4, 78, 78, 92, 91, 60, 64, 77, 72, 94, 50, 91,
Marley Pennington, 31, 4, 76, 91, 90, 77, 60, 81, 74, 81, 91, 49, 76,
Giselle Fleming, 6, 4, 71, 72, 74, 81, 55, 74, 81, 71, 93, 46, 73,
Valentina Cherry, 13, 4, 73, 71, 73, 87, 60, 79, 74, 72, 90, 46, 90,
Joseph Ferguson, 35, 1, 69, 80, 71, 52, 63, 63, 69, 58, 84, 95, 54,
Ari Herring, 84, 2, 75, 85, 86, 75, 95, 56, 65, 68, 90, 44, 69,
Alisson York, 17, 2, 73, 82, 95, 71, 82, 62, 66, 78, 85, 45, 60,
Faith Maddox, 33, 4, 71, 88, 72, 89, 55, 74, 77, 69, 78, 47, 72,
Rosalia Sheppard, 47, 2, 70, 87, 70, 73, 78, 55, 61, 73, 78, 55, 60,
Ellis Bridges, 14, 2, 72, 95, 73, 71, 65, 60, 69, 65, 94, 49, 67,
Holden Garrison, 10, 1, 70, 90, 87, 45, 51, 60, 73, 66, 95, 80, 51,
Christopher Frazier, 17, 1, 70, 86, 93, 60, 67, 69, 61, 69, 82, 71, 49,
Jagger Dominguez, 10, 1, 68, 76, 86, 58, 57, 63, 67, 64, 88, 66, 57,
Lincoln Bender, 65, 1, 68, 88, 75, 50, 78, 70, 55, 56, 79, 74, 58,
Wilhelm Dilthey, 51, 4, 72, 77, 86, 75, 58, 70, 71, 73, 78, 49, 88,
Corbin Jenkins, 70, 1, 68, 86, 80, 53, 71, 72, 75, 57, 75, 61, 57,
Johnathan Gaines, 44, 3, 67, 74, 92, 69, 60, 81, 61, 60, 75, 49, 65,
Nadia Shepherd, 61, 4, 73, 83, 89, 89, 56, 60, 73, 69, 79, 47, 76,
Ariyah Little, 90, 4, 73, 72, 90, 86, 60, 61, 74, 75, 84, 45, 77,
Isabel Huynh, 19, 4, 78, 87, 72, 95, 58, 64, 83, 84, 92, 47, 84,
Caden Casey, 34, 1, 70, 90, 74, 48, 56, 69, 59, 74, 79, 93, 57,
Helena Jacobs, 41, 4, 77, 86, 95, 90, 60, 65, 83, 66, 91, 50, 76,
Alaric Fuller, 52, 1, 69, 78, 79, 59, 61, 74, 72, 70, 88, 59, 57,
Peter Abelard, 86, 3, 69, 76, 90, 61, 77, 76, 72, 69, 86, 41, 55,
Kimberly McFarland, 48, 2, 75, 91, 81, 71, 85, 55, 58, 85, 95, 50, 65,
Karter King, 35, 1, 67, 79, 70, 58, 69, 51, 71, 64, 76, 62, 56,
Elliott Berger, 42, 1, 71, 90, 74, 48, 76, 76, 59, 73, 86, 78, 59,
Fallon Santos, 80, 2, 69, 76, 85, 56, 89, 62, 61, 68, 83, 40, 64,
Mckenzie Hahn, 24, 2, 76, 92, 92, 67, 84, 69, 68, 70, 90, 53, 69,
Colson Singh, 76, 3, 76, 77, 93, 81, 72, 77, 87, 73, 84, 46, 77,
Kendrick Armstrong, 62, 1, 71, 93, 73, 58, 63, 72, 67, 59, 88, 88, 50,
Lukas David, 41, 1, 67, 70, 78, 60, 53, 59, 59, 68, 84, 75, 60,
Hayes Bernal, 54, 3, 72, 87, 88, 81, 70, 71, 60, 84, 75, 35, 72,
Melody Padilla, 20, 2, 70, 80, 95, 57, 86, 67, 63, 61, 79, 55, 56,
Aden Esparza, 97, 3, 70, 70, 94, 78, 68, 70, 88, 62, 89, 34, 55,
Hank Olson, 74, 3, 70, 74, 71, 72, 77, 66, 60, 82, 82, 44, 69,
Blaze Yoder, 77, 3, 74, 83, 79, 75, 82, 62, 93, 77, 75, 31, 72,
Giovanni Cole, 41, 3, 72, 91, 76, 67, 70, 69, 73, 66, 88, 52, 72,
Salvatore Gilmore, 25, 1, 70, 70, 78, 60, 77, 50, 74, 59, 88, 74, 58,
Olivia Castaneda, 5, 4, 77, 73, 87, 85, 57, 65, 86, 85, 83, 48, 92,
Aden Mitchell, 69, 1, 71, 76, 70, 54, 69, 52, 64, 70, 94, 94, 54,
Tobias Villarreal, 46, 3, 73, 80, 91, 68, 75, 67, 81, 61, 91, 52, 65,
Payton Farley, 48, 2, 71, 73, 71, 73, 90, 67, 74, 60, 84, 52, 67,
Dustin Guevara, 77, 3, 75, 93, 81, 81, 60, 94, 63, 73, 92, 54, 79,
Tatum Marsh, 99, 4, 78, 74, 93, 95, 55, 70, 87, 74, 92, 50, 82,
Mackenzie Valenzuela, 98, 2, 72, 71, 73, 71, 89, 58, 63, 80, 95, 48, 59,
Arthur Schopenhauer, 4, 2, 72, 87, 83, 72, 74, 59, 61, 78, 82, 50, 61,
Ares Shelton, 45, 1, 67, 76, 71, 49, 63, 62, 60, 75, 95, 73, 45,
Kayson Poole, 74, 3, 73, 86, 88, 68, 85, 66, 67, 82, 79, 50, 58,
Rivka Nunez, 76, 4, 75, 89, 73, 81, 55, 81, 73, 83, 86, 49, 86,
Armani Moreno, 24, 3, 70, 90, 92, 68, 66, 79, 72, 66, 80, 31, 69,
Michaela Galindo, 65, 4, 75, 89, 70, 91, 56, 63, 86, 68, 95, 45, 78,
Adelynn Nicholson, 89, 2, 75, 91, 86, 65, 93, 56, 56, 82, 84, 54, 66,
Kathryn Harrington, 30, 2, 71, 81, 92, 70, 67, 65, 61, 83, 80, 49, 63,
Jacqueline Powell, 83, 2, 74, 86, 84, 71, 73, 65, 74, 81, 85, 50, 64,
Jolie Tyler, 44, 4, 74, 86, 76, 84, 59, 69, 82, 67, 83, 48, 86,
Salvatore Combs, 4, 1, 67, 80, 84, 55, 51, 56, 69, 61, 84, 71, 56,
Oscar Eaton, 89, 3, 73, 87, 71, 63, 72, 66, 82, 77, 81, 51, 80,
Maliyah King, 49, 2, 70, 91, 86, 60, 74, 59, 72, 65, 81, 42, 61,
Dream Pierce, 95, 2, 69, 94, 87, 75, 67, 65, 55, 65, 75, 43, 67,
Alina Delacruz, 32, 4, 73, 81, 88, 76, 55, 68, 76, 78, 77, 46, 87,
Keenan Daugherty, 71, 1, 67, 79, 70, 52, 76, 60, 56, 62, 86, 69, 58,
Riley Foster, 97, 1, 66, 70, 89, 50, 64, 63, 68, 58, 77, 67, 58,
Thomas Hobbes, 76, 3, 72, 83, 76, 78, 82, 87, 67, 68, 82, 46, 72,
Aila Murillo, 59, 4, 78, 93, 93, 92, 56, 69, 86, 66, 86, 50, 86,
Bryan Wells, 60, 1, 68, 86, 87, 47, 58, 78, 73, 56, 85, 75, 50,
Madden O’brien, 84, 1, 71, 95, 78, 45, 73, 55, 60, 64, 81, 85, 58,
Matteo Zimmerman, 59, 3, 70, 78, 87, 75, 63, 86, 64, 69, 90, 35, 69,
Ellen Knapp, 73, 2, 67, 89, 83, 62, 65, 62, 64, 64, 77, 44, 58,
Titan Gibson, 9, 1, 69, 87, 85, 55, 51, 73, 70, 59, 91, 72, 59,
Logan Avila, 44, 1, 66, 87, 82, 55, 51, 73, 65, 62, 79, 70, 51,
Emmie Gates, 53, 2, 66, 83, 72, 56, 71, 64, 57, 66, 81, 46, 68,
Kole Patterson, 79, 3, 77, 89, 85, 81, 77, 76, 89, 80, 76, 37, 79,
Forest Roberson, 68, 1, 70, 78, 81, 49, 65, 78, 72, 61, 76, 93, 58,
Landon Daniels, 82, 1, 67, 92, 75, 46, 54, 56, 63, 56, 85, 82, 55,
Marie-Jean-Antoine-Nicolas de Caritat, 85, 3, 71, 77, 75, 65, 80, 72, 79, 61, 82, 54, 73,
Casey Mathis, 32, 3, 68, 78, 82, 63, 70, 89, 65, 75, 77, 40, 68,
Avicenna, 52, 2, 72, 87, 90, 66, 69, 68, 64, 64, 92, 50, 67,
Amina Douglas, 30, 4, 74, 71, 81, 79, 60, 81, 88, 85, 91, 47, 71,
Creed Townsend, 95, 1, 75, 90, 79, 54, 78, 80, 75, 70, 93, 84, 55,
Confucius, 54, 2, 70, 89, 71, 55, 84, 60, 74, 83, 79, 40, 56,
Mira Lynn, 83, 4, 75, 85, 94, 76, 55, 75, 76, 75, 87, 45, 87,
Leilany Orozco, 84, 2, 73, 86, 83, 73, 92, 65, 58, 84, 89, 43, 55,
Isabella Herman, 29, 4, 75, 76, 75, 87, 59, 76, 87, 83, 78, 45, 92,
Rosa Holloway, 16, 4, 75, 92, 89, 79, 60, 77, 81, 67, 89, 46, 80,
Nicholas Goatifi, 79, 4, 76, 78, 92, 94, 59, 69, 84, 67, 76, 48, 93,
Ariyah Washington, 33, 2, 70, 71, 88, 73, 66, 55, 60, 66, 95, 51, 66,
Timothy Parrish, 36, 1, 73, 78, 92, 60, 63, 75, 60, 70, 88, 95, 55,
Maximiliano Buck, 71, 1, 68, 75, 82, 46, 74, 66, 58, 63, 90, 76, 56,
Harlan Fuentes, 40, 1, 62, 74, 74, 46, 60, 50, 62, 65, 75, 55, 52,
Memphis Shaffer, 57, 3, 69, 85, 75, 61, 70, 72, 68, 67, 89, 32, 75,
Margaret Simpson, 34, 4, 73, 78, 77, 75, 55, 60, 89, 77, 83, 50, 75,
Brennan McConnell, 68, 3, 70, 70, 84, 79, 69, 78, 63, 82, 90, 37, 61,
Jaxson Trejo, 41, 1, 72, 95, 85, 48, 70, 59, 57, 68, 88, 90, 54,
Lorelei Collins, 34, 2, 66, 80, 73, 62, 87, 63, 65, 62, 75, 41, 55,
Louise Price, 17, 2, 71, 76, 82, 64, 83, 63, 72, 75, 84, 52, 55,
Kieran Johnson, 78, 1, 69, 71, 91, 47, 79, 72, 59, 57, 95, 70, 56,
Megan Mason, 76, 4, 79, 86, 80, 95, 58, 70, 88, 69, 91, 50, 94,
Aileen Myers, 74, 2, 74, 77, 85, 74, 92, 64, 70, 80, 86, 53, 57,
Bobby Maddox, 87, 1, 70, 79, 76, 56, 68, 59, 61, 63, 90, 90, 48,
Danna Turner, 44, 4, 73, 88, 86, 76, 55, 66, 77, 74, 77, 49, 75,
Noam Chomsky, 44, 3, 71, 74, 78, 79, 80, 77, 67, 72, 79, 54, 56,
Sir Bernard Williams, 5, 1, 68, 77, 72, 48, 75, 54, 55, 71, 94, 72, 56,
Chloe Tang, 24, 2, 75, 85, 86, 57, 95, 69, 73, 70, 93, 53, 70,
Chanel Lowery, 70, 2, 68, 74, 89, 58, 86, 57, 55, 67, 83, 44, 63,
Kaison Deleon, 14, 1, 66, 88, 75, 59, 65, 79, 59, 56, 85, 66, 48,
Andi Goodman, 26, 4, 77, 88, 82, 93, 60, 75, 81, 70, 88, 48, 86,
Cyrus Arias, 7, 1, 71, 75, 87, 59, 73, 69, 72, 56, 78, 87, 60,
Braelynn Vargas, 67, 2, 70, 73, 84, 56, 94, 68, 60, 81, 75, 53, 61,
Arthur Myers, 57, 1, 68, 71, 78, 48, 55, 77, 70, 68, 90, 87, 46,
Melina Ballard, 3, 2, 70, 84, 74, 62, 86, 57, 61, 67, 88, 53, 59,
Davion Norton, 55, 1, 68, 73, 95, 57, 68, 65, 56, 56, 87, 77, 51,
Amy Ruiz, 53, 2, 69, 82, 71, 59, 67, 58, 72, 72, 94, 43, 64,
Kylan McMillan, 21, 3, 76, 81, 85, 85, 65, 86, 79, 82, 94, 45, 70,
Alana Hayden, 92, 4, 74, 84, 93, 76, 57, 77, 75, 74, 89, 49, 70,
Laylah Blair, 4, 2, 70, 82, 79, 55, 94, 67, 58, 73, 87, 47, 61,
Atreus Montgomery, 6, 1, 69, 80, 89, 57, 65, 51, 61, 64, 80, 77, 53,
Georg Wilhelm Friedrich Hegel, 91, 1, 66, 72, 80, 53, 65, 58, 64, 72, 80, 64, 45,
Giavanna Humphrey, 72, 2, 68, 89, 77, 70, 68, 70, 59, 72, 77, 40, 64,
Jakobe Santiago, 79, 3, 73, 78, 87, 79, 66, 74, 95, 60, 83, 37, 73,
Aliana Hall, 90, 4, 76, 90, 75, 92, 55, 65, 81, 73, 88, 49, 84,
Trent Cameron, 92, 3, 72, 87, 81, 69, 61, 85, 93, 73, 76, 44, 70,
Kylee Bishop, 22, 2, 71, 71, 79, 64, 73, 65, 73, 85, 94, 42, 61,
Juliana Hayes, 46, 2, 73, 92, 94, 62, 81, 55, 62, 68, 88, 53, 62,
Riggs Delacruz, 20, 3, 71, 85, 78, 65, 60, 67, 94, 68, 91, 34, 66,
Valentin Potter, 78, 1, 74, 82, 92, 58, 71, 53, 56, 75, 95, 86, 56,
Haven McGuire, 44, 2, 71, 86, 84, 62, 66, 69, 65, 81, 92, 53, 56,
Bonnie Sampson, 41, 4, 78, 95, 86, 91, 56, 64, 89, 67, 84, 49, 86,
Kamryn Pittman, 49, 1, 69, 75, 81, 59, 58, 77, 55, 64, 93, 93, 50,
Drake Ortega, 67, 1, 68, 79, 87, 49, 52, 51, 62, 67, 93, 84, 46,
Liana Campbell, 44, 4, 73, 72, 78, 85, 57, 65, 78, 76, 79, 50, 88,
Bo Wu, 62, 3, 69, 76, 95, 74, 60, 63, 69, 77, 76, 36, 59,
Odin Schwartz, 5, 1, 74, 88, 88, 50, 80, 80, 66, 65, 95, 83, 57,
Luciano Dawson, 40, 3, 74, 95, 87, 80, 82, 63, 78, 63, 78, 33, 71,
Royce Singleton, 21, 1, 67, 87, 76, 51, 70, 57, 58, 55, 85, 64, 57,
Mohamed Martinez, 38, 1, 69, 76, 94, 59, 79, 75, 62, 64, 77, 61, 50,
Mason Osborne, 46, 1, 69, 74, 94, 51, 52, 51, 69, 62, 85, 93, 49,
Sage Moses, 79, 3, 71, 79, 93, 63, 64, 88, 63, 80, 91, 47, 61,
Jean-Paul Sartre, 4, 2, 71, 72, 70, 74, 79, 57, 73, 66, 93, 48, 68,
Phillip Lucero, 53, 3, 72, 92, 75, 82, 74, 62, 63, 71, 82, 47, 68,
Chanel Manning, 23, 2, 71, 74, 93, 58, 88, 63, 63, 71, 80, 55, 62,
Legend Leach, 87, 1, 71, 72, 95, 56, 79, 78, 61, 55, 95, 81, 46,
Willard Van Orman Quine, 52, 1, 66, 85, 89, 49, 53, 77, 67, 55, 79, 71, 50,
Della Blackburn, 72, 2, 69, 76, 84, 61, 70, 65, 67, 80, 81, 48, 58,
Allen Mora, 2, 1, 68, 79, 74, 60, 65, 67, 62, 68, 86, 59, 60,
Grant Murray, 62, 3, 68, 84, 83, 67, 64, 85, 80, 73, 75, 32, 57,
Rylan Frank, 95, 2, 73, 90, 94, 74, 80, 57, 59, 78, 78, 42, 65,
Berkley Murillo, 7, 2, 72, 89, 82, 62, 80, 60, 64, 75, 95, 41, 64,
Henrik Finley, 65, 3, 70, 83, 83, 61, 60, 60, 72, 80, 86, 33, 76,
Cassidy Giles, 67, 4, 74, 87, 82, 81, 57, 62, 80, 81, 87, 46, 73,
Cayson Herring, 48, 1, 71, 82, 90, 58, 75, 63, 71, 58, 82, 81, 50,
Leandro Trujillo, 8, 3, 73, 91, 88, 71, 62, 67, 76, 81, 84, 43, 69,
Aries Cortes, 49, 1, 72, 79, 90, 58, 71, 74, 72, 71, 94, 67, 50,
Will Whitehead, 18, 3, 74, 74, 95, 82, 73, 69, 73, 70, 93, 47, 67,
Iris Meyer, 58, 2, 70, 92, 86, 75, 67, 66, 74, 63, 77, 48, 55,
Rudolf Carnap, 4, 3, 69, 75, 71, 65, 78, 74, 93, 75, 83, 33, 56,
Talia Kirby, 64, 4, 75, 86, 81, 85, 60, 72, 79, 69, 80, 47, 93,
Cheyenne Thornton, 31, 4, 76, 86, 75, 95, 59, 70, 77, 69, 87, 47, 90,
Braylen Davenport, 35, 1, 68, 91, 77, 54, 73, 76, 56, 63, 92, 55, 52,
Adan McIntyre, 46, 3, 73, 83, 78, 71, 83, 60, 71, 71, 93, 32, 77,
Carolyn Magana, 42, 4, 74, 70, 80, 94, 57, 85, 79, 83, 87, 45, 75,
Iris Hoover, 73, 2, 71, 73, 87, 61, 95, 55, 71, 67, 92, 43, 56,
Madalyn Castro, 32, 4, 71, 75, 85, 82, 57, 65, 70, 75, 80, 47, 75,
Augustine Kelley, 28, 3, 71, 74, 85, 72, 68, 68, 76, 82, 89, 37, 62,
Ronald Ball, 1, 0, 69, 74, 91, 56, 58, 61, 69, 62, 76, 82, 57,
Riggs Goodwin, 30, 1, 71, 93, 80, 49, 80, 69, 63, 57, 91, 78, 49,
Hannah Arendt, 69, 3, 78, 95, 76, 85, 84, 80, 88, 74, 82, 55, 70,
Aurora Hicks, 56, 2, 67, 73, 84, 60, 69, 57, 58, 81, 82, 49, 55,
Lia Frank, 82, 4, 74, 85, 74, 85, 58, 83, 84, 75, 82, 49, 81,
Leroy Ponce, 83, 1, 69, 84, 81, 56, 71, 70, 58, 68, 75, 71, 60,
Remi McKee, 54, 1, 69, 71, 89, 47, 79, 68, 61, 57, 86, 79, 53,
Camille Alexander, 84, 4, 76, 87, 92, 95, 60, 82, 73, 70, 82, 49, 77,
Aileen Merritt, 34, 2, 71, 93, 81, 74, 84, 57, 55, 68, 81, 49, 58,
Kenzo Gates, 66, 3, 70, 81, 80, 79, 60, 80, 66, 79, 86, 32, 71,
Eden Gallagher, 75, 2, 67, 79, 83, 63, 67, 58, 55, 80, 81, 41, 58,
Walker Giles, 100, 3, 73, 72, 72, 75, 75, 63, 90, 69, 87, 37, 80,
Bridget Dillon, 55, 2, 71, 90, 84, 66, 74, 67, 75, 75, 77, 43, 57,